13 165412
13 165413
13 165414
13 165415
13 165416
13 165417
13 165418
13 165419
13 165420
13 165421
13 165422
13 165423
13 165424
13 165425
13 165426
13 165427
13 165428
13 165429
13 165430
13 165431
13 165432
13 165433
13 165434
13 165435
13 165436
13 165437
13 165438
13 165439
13 165440
13 165441
13 165442
13 165443
13 165444
13 165445
13 165446
13 165447
13 165448
13 165449
13 165450
13 165451
13 165452
13 165453
13 165454
13 165455
13 165456
13 165457
13 165458
13 165459
13 165460
13 165461
13 165462
13 165463
13 165464
13 165465
13 165466
13 165467
13 165468
13 165469
13 165470
13 165471
13 165472
13 165473
13 165474
13 165475
13 165476
13 165477
13 165478
13 165479
13 165480
13 165481
13 165482
13 165483
13 165484
13 165485
13 165486
13 165487
13 165488
13 165489
13 165490
13 165491
13 165492
13 165493
13 165494
13 165495
13 165496
13 165497
13 165498
13 165499
13 165500
13 165501
13 165502
13 165503
13 165504
13 165505
13 165506
13 165507
13 165508
13 165509
13 165510
13 165511
13 165512
13 165513
13 165514
13 165515
13 165516
13 165517
13 165518
13 165519
13 165520
13 165521
13 165522
13 165523
13 165524
13 165525
13 165526
13 165527
13 165528
13 165529
13 165530
13 165531
13 165532
13 165533
13 165534
13 165535
13 165536
13 165537
13 165538
13 165539
13 165540
13 165541
13 165542
13 165543
13 165544
13 165545
13 165546
13 165547
13 165548
13 165549
13 165550
13 165551
13 165552
13 165553
13 165554
13 165555
13 165556
13 165557
13 165558
13 165559
13 165560
13 165561
13 165562
13 165563
13 165564
13 165565
13 165566
13 165567
13 165568
13 165569
13 165570
13 165571
13 165572
13 165573
13 165574
13 165575
13 165576
13 165577
13 165578
13 165579
13 165580
13 165581
13 165582
13 165583
13 165584
13 165585
13 165586
13 165587
13 165588
13 165589
13 165590
13 165591
13 165592
13 165593
13 165594
13 165595
13 165596
13 165597
13 165598
13 165599
13 165600
13 165601
13 165602
13 165603
13 165604
13 165605
13 165606
13 165607
13 165608
13 165609
13 165610
13 165611
13 165612
13 165613
13 165614
13 165615
13 165616
13 165617
13 165618
13 165619
13 165620
13 165621
13 165622
13 165623
13 165624
13 165625
13 165626
13 165627
13 165628
13 165629
13 165630
13 165631
13 165632
13 165633
13 165634
13 165635
13 165636
13 165637
13 165638
13 165639
13 165640
13 165641
13 165642
13 165643
13 165644
13 165645
13 165646
13 165647
13 165648
13 165649
13 165650
13 165651
13 165652
13 165653
13 165654
13 165655
13 165656
13 165657
13 165658
13 165659
13 165660
13 165661
13 165662
13 165663
13 165664
13 165665
13 165666
13 165667
13 165668
13 165669
13 165670
13 165671
13 165672
13 165673
13 165674
13 165675
13 165676
13 165677
13 165678
13 165679
13 165680
13 165681
13 165682
13 165683
13 165684
13 165685
13 165686
13 165687
13 165688
13 165689
13 165690
13 165691
13 165692
13 165693
13 165694
13 165695
13 165696
13 165697
13 165698
13 165699
13 165700
13 165701
13 165702
13 165703
13 165704
13 165705
13 165706
13 165707
13 165708
13 165709
13 165710
13 165711
13 165712
13 165713
13 165714
13 165715
13 165716
13 165717
13 165718
13 165719
13 165720
13 165721
13 165722
13 165723
13 165724
13 165725
13 165726
13 165727
13 165728
13 165729
13 165730
13 165731
13 165732
13 165733
13 165734
13 165735
13 165736
13 165737
13 165738
13 165739
13 165740
13 165741
13 165742
13 165743
13 165744
13 165745
13 165746
13 165747
13 165748
13 165749
13 165750
13 165751
13 165752
13 165753
13 165754
13 165755
13 165756
13 165757
13 165758
13 165759
13 165760
13 165761
13 165762
13 165763
13 165764
13 165765
13 165766
13 165767
13 165768
13 165769
13 165770
13 165771
13 165772
13 165773
13 165774
13 165775
13 165776
13 165777
13 165778
13 165779
13 165780
13 165781
13 165782
13 165783
13 165784
13 165785
13 165786
13 165787
13 165788
13 165789
13 165790
13 165791
13 165792
13 165793
13 165794
13 165795
13 165796
13 165797
13 165798
13 165799
13 165800
13 165801
13 165802
13 165803
13 165804
13 165805
13 165806
13 165807
13 165808
13 165809
13 165810
13 165811
13 165812
13 165813
13 165814
13 165815
13 165816
13 165817
13 165818
13 165819
13 165820
13 165821
13 165822
13 165823
13 165824
13 165825
13 165826
13 165827
13 165828
13 165829
13 165830
13 165831
13 165832
13 165833
13 165834
13 165835
13 165836
13 165837
13 165838
13 165839
13 165840
13 165841
13 165842
13 165843
13 165844
13 165845
13 165846
13 165847
13 165848
13 165849
13 165850
13 165851
13 165852
13 165853
13 165854
13 165855
13 165856
13 165857
13 165858
13 165859
13 165860
13 165861
13 165862
13 165863
13 165864
13 165865
13 165866
13 165867
13 165868
13 165869
13 165870
13 165871
13 165872
13 165873
13 165874
13 165875
13 165876
13 165877
13 165878
13 165879
13 165880
13 165881
13 165882
13 165883
13 165884
13 165885
13 165886
13 165887
13 165888
13 165889
13 165890
13 165891
13 165892
13 165893
13 165894
13 165895
13 165896
13 165897
13 165898
13 165899
13 165900
13 165901
13 165902
13 165903
13 165904
13 165905
13 165906
13 165907
13 165908
13 165909
13 165910
13 165911
13 165912
13 165913
13 165914
13 165915
13 165916
13 165917
13 165918
13 165919
13 165920
13 165921
13 165922
13 165923
13 165924
13 165925
13 165926
13 165927
13 165928
13 165929
13 165930
13 165931
13 165932
13 165933
13 165934
13 165935
13 165936
13 165937
13 165938
13 165939
13 165940
13 165941
13 165942
13 165943
13 165944
13 165945
13 165946
13 165947
13 165948
13 165949
13 165950
13 165951
13 165952
13 165953
13 165954
13 165955
13 165956
13 165957
13 165958
13 165959
13 165960
13 165961
13 165962
13 165963
13 165964
13 165965
13 165966
13 165967
13 165968
13 165969
13 165970
13 165971
13 165972
13 165973
13 165974
13 165975
13 165976
13 165977
13 165978
13 165979
13 165980
13 165981
13 165982
13 165983
13 165984
13 165985
13 165986
13 165987
13 165988
13 165989
13 165990
13 165991
13 165992
13 165993
13 165994
13 165995
13 165996
13 165997
13 165998
13 165999
13 166000
13 166001
13 166002
13 166003
13 166004
13 166005
13 166006
13 166007
13 166008
13 166009
13 166010
13 166011
13 166012
13 166013
13 166014
13 166015
13 166016
13 166017
13 166018
13 166019
13 166020
13 166021
13 166022
13 166023
13 166024
13 166025
13 166026
13 166027
13 166028
13 166029
13 166030
13 166031
13 166032
13 166033
13 166034
13 166035
13 166036
13 166037
13 166038
13 166039
13 166040
13 166041
13 166042
13 166043
13 166044
13 166045
13 166046
13 166047
13 166048
13 166049
13 166050
13 166051
13 166052
13 166053
13 166054
13 166055
13 166056
13 166057
13 166058
13 166059
13 166060
13 166061
13 166062
13 166063
13 166064
13 166065
13 166066
13 166067
13 166068
13 166069
13 166070
13 166071
13 166072
13 166073
13 166074
13 166075
13 166076
13 166077
13 166078
13 166079
13 166080
13 166081
13 166082
13 166083
13 166084
13 166085
13 166086
13 166087
13 166088
13 166089
13 166090
13 166091
13 166092
13 166093
13 166094
13 166095
13 166096
13 166097
13 166098
13 166099
13 166100
13 166101
13 166102
13 166103
13 166104
13 166105
13 166106
13 166107
13 166108
13 166109
13 166110
13 166111
13 166112
13 166113
13 166114
13 166115
13 166116
13 166117
13 166118
13 166119
13 166120
13 166121
13 166122
13 166123
13 166124
13 166125
13 166126
13 166127
13 166128
13 166129
13 166130
13 166131
13 166132
13 166133
13 166134
13 166135
13 166136
13 166137
13 166138
13 166139
13 166140
13 166141
13 166142
13 166143
13 166144
13 166145
13 166146
13 166147
13 166148
13 166149
13 166150
13 166151
13 166152
13 166153
13 166154
13 166155
13 166156
13 166157
13 166158
13 166159
13 166160
13 166161
13 166162
13 166163
13 166164
13 166165
13 166166
13 166167
13 166168
13 166169
13 166170
13 166171
13 166172
13 166173
13 166174
13 166175
13 166176
13 166177
13 166178
13 166179
13 166180
13 166181
13 166182
13 166183
13 166184
13 166185
13 166186
13 166187
13 166188
13 166189
13 166190
13 166191
13 166192
13 166193
13 166194
13 166195
13 166196
13 166197
13 166198
13 166199
13 166200
13 166201
13 166202
13 166203
13 166204
13 166205
13 166206
13 166207
13 166208
13 166209
13 166210
13 166211
13 166212
13 166213
13 166214
13 166215
13 166216
13 166217
13 166218
13 166219
13 166220
13 166221
13 166222
13 166223
13 166224
13 166225
13 166226
13 166227
13 166228
13 166229
13 166230
13 166231
13 166232
13 166233
13 166234
13 166235
13 166236
13 166237
13 166238
13 166239
13 166240
13 166241
13 166242
13 166243
13 166244
13 166245
13 166246
13 166247
13 166248
13 166249
13 166250
13 166251
13 166252
13 166253
13 166254
13 166255
13 166256
13 166257
13 166258
13 166259
13 166260
13 166261
13 166262
13 166263
13 166264
13 166265
13 166266
13 166267
13 166268
13 166269
13 166270
13 166271
13 166272
13 166273
13 166274
13 166275
13 166276
13 166277
13 166278
13 166279
13 166280
13 166281
13 166282
13 166283
13 166284
13 166285
13 166286
13 166287
13 166288
13 166289
13 166290
13 166291
13 166292
13 166293
13 166294
13 166295
13 166296
13 166297
13 166298
13 166299
13 166300
13 166301
13 166302
13 166303
13 166304
13 166305
13 166306
13 166307
13 166308
13 166309
13 166310
13 166311
13 166312
13 166313
13 166314
13 166315
13 166316
13 166317
13 166318
13 166319
13 166320
13 166321
13 166322
13 166323
13 166324
13 166325
13 166326
13 166327
13 166328
13 166329
13 166330
13 166331
13 166332
13 166333
13 166334
13 166335
13 166336
13 166337
13 166338
13 166339
13 166340
13 166341
13 166342
13 166343
13 166344
13 166345
13 166346
13 166347
13 166348
13 166349
13 166350
13 166351
13 166352
13 166353
13 166354
13 166355
13 166356
13 166357
13 166358
13 166359
13 166360
13 166361
13 166362
13 166363
13 166364
13 166365
13 166366
13 166367
13 166368
13 166369
13 166370
13 166371
13 166372
13 166373
13 166374
13 166375
13 166376
13 166377
13 166378
13 166379
13 166380
13 166381
13 166382
13 166383
13 166384
13 166385
13 166386
13 166387
13 166388
13 166389
13 166390
13 166391
13 166392
13 166393
13 166394
13 166395
13 166396
13 166397
13 166398
13 166399
13 166400
13 166401
13 166402
13 166403
13 166404
13 166405
13 166406
13 166407
13 166408
13 166409
13 166410
13 166411
13 166412
13 166413
13 166414
13 166415
13 166416
13 166417
13 166418
13 166419
13 166420
13 166421
13 166422
13 166423
13 166424
13 166425
13 166426
13 166427
13 166428
13 166429
13 166430
13 166431
13 166432
13 166433
13 166434
13 166435
13 166436
13 166437
13 166438
13 166439
13 166440
13 166441
13 166442
13 166443
13 166444
13 166445
13 166446
13 166447
13 166448
13 166449
13 166450
13 166451
13 166452
13 166453
13 166454
13 166455
13 166456
13 166457
13 166458
13 166459
13 166460
13 166461
13 166462
13 166463
13 166464
13 166465
13 166466
13 166467
13 166468
13 166469
13 166470
13 166471
13 166472
13 166473
13 166474
13 166475
13 166476
13 166477
13 166478
13 166479
13 166480
13 166481
13 166482
13 166483
13 166484
13 166485
13 166486
13 166487
13 166488
13 166489
13 166490
13 166491
13 166492
13 166493
13 166494
13 166495
13 166496
13 166497
13 166498
13 166499
13 166500
13 166501
13 166502
13 166503
13 166504
13 166505
13 166506
13 166507
13 166508
13 166509
13 166510
13 166511
13 166512
13 166513
13 166514
13 166515
13 166516
13 166517
13 166518
13 166519
13 166520
13 166521
13 166522
13 166523
13 166524
13 166525
13 166526
13 166527
13 166528
13 166529
13 166530
13 166531
13 166532
13 166533
13 166534
13 166535
13 166536
13 166537
13 166538
13 166539
13 166540
13 166541
13 166542
13 166543
13 166544
13 166545
13 166546
13 166547
13 166548
13 166549
13 166550
13 166551
13 166552
13 166553
13 166554
13 166555
13 166556
13 166557
13 166558
13 166559
13 166560
13 166561
13 166562
13 166563
13 166564
13 166565
13 166566
13 166567
13 166568
13 166569
13 166570
13 166571
13 166572
13 166573
13 166574
13 166575
13 166576
13 166577
13 166578
13 166579
13 166580
13 166581
13 166582
13 166583
13 166584
13 166585
13 166586
13 166587
13 166588
13 166589
13 166590
13 166591
13 166592
13 166593
13 166594
13 166595
13 166596
13 166597
13 166598
13 166599
13 166600
13 166601
13 166602
13 166603
13 166604
13 166605
13 166606
14 165412
14 165413
14 165414
14 166607
14 165416
14 166608
14 165418
14 165419
14 165420
14 166609
14 166610
14 166611
14 166612
14 165425
14 166613
14 165427
14 166614
14 165429
14 165430
14 166615
14 165432
14 166616
14 165434
14 166617
14 166618
14 165437
14 166619
14 165439
14 165440
14 165441
14 165442
14 165443
14 165444
14 166620
14 166621
14 165447
14 166622
14 165449
14 165450
14 165451
14 165452
14 166623
14 166624
14 166625
14 166626
14 165457
14 166627
14 166628
14 165460
14 165461
14 166629
14 165463
14 165464
14 165465
14 165466
14 166630
14 165468
14 165469
14 165470
14 165471
14 165472
14 165473
14 166631
14 165475
14 165476
14 165477
14 166632
14 165479
14 166633
14 165481
14 166634
14 166635
14 166636
14 166637
14 166638
14 165487
14 166639
14 166640
14 165490
14 165491
14 165492
14 166641
14 166642
14 165495
14 166643
14 166644
14 165498
14 165499
14 165500
14 166645
14 165502
14 165503
14 166646
14 166647
14 165506
14 165507
14 165508
14 166648
14 165510
14 166649
14 165512
14 165513
14 166650
14 165515
14 166651
14 166652
14 166653
14 165519
14 166654
14 166655
14 166656
14 165523
14 166657
14 166658
14 166659
14 165527
14 166660
14 166661
14 166662
14 165531
14 166663
14 165533
14 165534
14 165535
14 165536
14 166664
14 166665
14 166666
14 165540
14 166667
14 166668
14 166669
14 166670
14 166671
14 165546
14 165547
14 165548
14 165549
14 166672
14 165551
14 166673
14 166674
14 166675
14 166676
14 165556
14 165557
14 166677
14 166678
14 165560
14 166679
14 165562
14 165563
14 166680
14 166681
14 166682
14 166683
14 166684
14 165569
14 165570
14 165571
14 165572
14 165573
14 165574
14 166685
14 166686
14 165577
14 165578
14 166687
14 165580
14 165581
14 165582
14 165583
14 166688
14 166689
14 165586
14 165587
14 166690
14 166691
14 165590
14 166692
14 166693
14 165593
14 165594
14 166694
14 165596
14 165597
14 166695
14 166696
14 166697
14 165601
14 166698
14 166699
14 166700
14 165605
14 166701
14 166702
14 166703
14 166704
14 166705
14 166706
14 166707
14 166708
14 165614
14 166709
14 165616
14 166710
14 166711
14 166712
14 165620
14 166713
14 166714
14 166715
14 166716
14 165625
14 166717
14 165627
14 165628
14 166718
14 166719
14 165631
14 165632
14 166720
14 166721
14 166722
14 166723
14 166724
14 165638
14 166725
14 165640
14 165641
14 165642
14 166726
14 165644
14 166727
14 165646
14 165647
14 165648
14 166728
14 166729
14 166730
14 165652
14 166731
14 166732
14 166733
14 166734
14 166735
14 166736
14 165659
14 166737
14 166738
14 166739
14 165663
14 165664
14 165665
14 166740
14 166741
14 166742
14 165669
14 165670
14 166743
14 166744
14 165673
14 166745
14 166746
14 166747
14 166748
14 166749
14 165679
14 166750
14 165681
14 166751
14 166752
14 165684
14 166753
14 165686
14 165687
14 165688
14 166754
14 166755
14 166756
14 166757
14 166758
14 165694
14 166759
14 165696
14 165697
14 166760
14 166761
14 165700
14 165701
14 165702
14 166762
14 166763
14 166764
14 166765
14 165707
14 166766
14 165709
14 166767
14 166768
14 165712
14 165713
14 165714
14 165715
14 165716
14 165717
14 165718
14 165719
14 165720
14 165721
14 165722
14 166769
14 166770
14 165725
14 166771
14 165727
14 165728
14 166772
14 166773
14 166774
14 165732
14 166775
14 165734
14 166776
14 166777
14 166778
14 166779
14 166780
14 165740
14 166781
14 166782
14 166783
14 165744
14 165745
14 166784
14 166785
14 166786
14 166787
14 166788
14 166789
14 165752
14 165753
14 165754
14 166790
14 166791
14 165757
14 166792
14 166793
14 165760
14 166794
14 166795
14 166796
14 166797
14 166798
14 166799
14 166800
14 166801
14 166802
14 166803
14 166804
14 166805
14 166806
14 165774
14 166807
14 166808
14 165777
14 166809
14 166810
14 166811
14 165781
14 166812
14 165783
14 166813
14 165785
14 166814
14 165787
14 166815
14 166816
14 166817
14 166818
14 166819
14 166820
14 166821
14 165795
14 166822
14 165797
14 166823
14 166824
14 166825
14 165801
14 165802
14 166826
14 165804
14 165805
14 165806
14 165807
14 166827
14 166828
14 166829
14 165811
14 166830
14 165813
14 165814
14 165815
14 166831
14 166832
14 165818
14 165819
14 165820
14 165821
14 165822
14 165823
14 166833
14 165825
14 165826
14 166834
14 166835
14 165829
14 166836
14 165831
14 166837
14 165833
14 166838
14 165835
14 166839
14 166840
14 165838
14 165839
14 165840
14 166841
14 166842
14 165843
14 165844
14 165845
14 166843
14 166844
14 165848
14 166845
14 166846
14 165851
14 165852
14 166847
14 165854
14 166848
14 165856
14 165857
14 166849
14 165859
14 165860
14 166850
14 165862
14 165863
14 166851
14 166852
14 165866
14 165867
14 166853
14 165869
14 166854
14 166855
14 166856
14 166857
14 166858
14 166859
14 165876
14 165877
14 166860
14 166861
14 165880
14 166862
14 165882
14 166863
14 166864
14 166865
14 166866
14 166867
14 165888
14 165889
14 166868
14 166869
14 165892
14 165893
14 166870
14 165895
14 165896
14 166871
14 165898
14 166872
14 165900
14 166873
14 166874
14 165903
14 165904
14 165905
14 165906
14 166875
14 165908
14 166876
14 165910
14 165911
14 165912
14 165913
14 166877
14 165915
14 165916
14 165917
14 165918
14 166878
14 166879
14 165921
14 166880
14 165923
14 166881
14 165925
14 165926
14 165927
14 166882
14 165929
14 166883
14 165931
14 166884
14 166885
14 166886
14 165935
14 165936
14 166887
14 165938
14 166888
14 165940
14 165941
14 165942
14 166889
14 165944
14 166890
14 165946
14 166891
14 166892
14 165949
14 165950
14 165951
14 166893
14 166894
14 165954
14 165955
14 166895
14 165957
14 166896
14 165959
14 165960
14 166897
14 166898
14 166899
14 166900
14 165965
14 166901
14 166902
14 166903
14 166904
14 166905
14 165971
14 165972
14 166906
14 166907
14 166908
14 166909
14 166910
14 166911
14 166912
14 165980
14 165981
14 166913
14 166914
14 165984
14 166915
14 165986
14 165987
14 165988
14 165989
14 166916
14 166917
14 165992
14 165993
14 166918
14 166919
14 165996
14 166920
14 165998
14 166921
14 166922
14 166001
14 166923
14 166924
14 166004
14 166925
14 166006
14 166007
14 166926
14 166927
14 166010
14 166928
14 166929
14 166930
14 166931
14 166932
14 166933
14 166017
14 166934
14 166935
14 166020
14 166021
14 166936
14 166937
14 166938
14 166939
14 166940
14 166027
14 166028
14 166941
14 166030
14 166031
14 166032
14 166942
14 166034
14 166035
14 166036
14 166037
14 166038
14 166039
14 166943
14 166041
14 166042
14 166944
14 166945
14 166946
14 166947
14 166047
14 166048
14 166948
14 166949
14 166950
14 166052
14 166053
14 166054
14 166055
14 166951
14 166057
14 166952
14 166059
14 166060
14 166061
14 166953
14 166954
14 166064
14 166955
14 166066
14 166067
14 166956
14 166957
14 166958
14 166071
14 166959
14 166960
14 166961
14 166075
14 166962
14 166077
14 166078
14 166079
14 166080
14 166963
14 166964
14 166083
14 166965
14 166966
14 166967
14 166087
14 166088
14 166089
14 166968
14 166091
14 166092
14 166093
14 166969
14 166970
14 166971
14 166097
14 166098
14 166972
14 166973
14 166101
14 166102
14 166103
14 166104
14 166105
14 166974
14 166107
14 166108
14 166975
14 166110
14 166111
14 166976
14 166977
14 166114
14 166978
14 166116
14 166117
14 166118
14 166119
14 166979
14 166980
14 166981
14 166982
14 166983
14 166125
14 166984
14 166985
14 166128
14 166129
14 166130
14 166986
14 166132
14 166987
14 166988
14 166135
14 166136
14 166137
14 166989
14 166990
14 166140
14 166141
14 166991
14 166992
14 166993
14 166994
14 166146
14 166995
14 166996
14 166997
14 166998
14 166999
14 167000
14 167001
14 167002
14 167003
14 167004
14 167005
14 167006
14 167007
14 167008
14 167009
14 167010
14 167011
14 167012
14 167013
14 167014
14 167015
14 167016
14 167017
14 167018
14 167019
14 166172
14 166173
14 166174
14 166175
14 166176
14 166177
14 166178
14 166179
14 166180
14 166181
14 166182
14 166183
14 167020
14 167021
14 166186
14 166187
14 166188
14 167022
14 167023
14 166191
14 167024
14 167025
14 166194
14 167026
14 166196
14 166197
14 167027
14 166199
14 166200
14 166201
14 167028
14 166203
14 166204
14 167029
14 167030
14 166207
14 167031
14 166209
14 167032
14 167033
14 166212
14 166213
14 166214
14 166215
14 166216
14 167034
14 166218
14 167035
14 167036
14 167037
14 166222
14 166223
14 166224
14 166225
14 166226
14 166227
14 167038
14 167039
14 166230
14 166231
14 166232
14 167040
14 167041
14 167042
14 167043
14 167044
14 166238
14 166239
14 166240
14 166241
14 166242
14 167045
14 166244
14 166245
14 167046
14 166247
14 167047
14 167048
14 166250
14 167049
14 167050
14 167051
14 167052
14 166255
14 167053
14 166257
14 166258
14 166259
14 167054
14 166261
14 167055
14 167056
14 167057
14 167058
14 166266
14 166267
14 166268
14 167059
14 166270
14 166271
14 167060
14 167061
14 167062
14 167063
14 167064
14 167065
14 167066
14 166279
14 166280
14 167067
14 167068
14 167069
14 167070
14 166285
14 166286
14 167071
14 167072
14 167073
14 166290
14 166291
14 166292
14 167074
14 167075
14 167076
14 167077
14 167078
14 167079
14 167080
14 166300
14 167081
14 167082
14 166303
14 167083
14 166305
14 166306
14 167084
14 167085
14 167086
14 166310
14 167087
14 167088
14 167089
14 167090
14 166315
14 166316
14 167091
14 167092
14 167093
14 166320
14 167094
14 166322
14 166323
14 167095
14 166325
14 166326
14 167096
14 167097
14 167098
14 167099
14 167100
14 167101
14 167102
14 166334
14 167103
14 167104
14 166337
14 167105
14 166339
14 167106
14 166341
14 166342
14 166343
14 166344
14 167107
14 166346
14 166347
14 166348
14 167108
14 166350
14 166351
14 167109
14 167110
14 167111
14 166355
14 167112
14 166357
14 167113
14 167114
14 167115
14 166361
14 167116
14 166363
14 167117
14 167118
14 167119
14 166367
14 167120
14 167121
14 167122
14 166371
14 167123
14 167124
14 166374
14 167125
14 166376
14 166377
14 166378
14 167126
14 167127
14 167128
14 166382
14 167129
14 166384
14 167130
14 167131
14 167132
14 166388
14 167133
14 167134
14 167135
14 167136
14 166393
14 166394
14 167137
14 166396
14 167138
14 166398
14 166399
14 166400
14 167139
14 166402
14 166403
14 167140
14 167141
14 166406
14 166407
14 167142
14 167143
14 166410
14 167144
14 166412
14 167145
14 167146
14 167147
14 167148
14 166417
14 166418
14 167149
14 167150
14 166421
14 166422
14 166423
14 166424
14 166425
14 166426
14 167151
14 166428
14 166429
14 167152
14 167153
14 166432
14 167154
14 166434
14 166435
14 167155
14 167156
14 167157
14 167158
14 166440
14 167159
14 166442
14 167160
14 167161
14 167162
14 167163
14 167164
14 166448
14 166449
14 167165
14 166451
14 166452
14 167166
14 167167
14 167168
14 167169
14 166457
14 166458
14 167170
14 167171
14 167172
14 167173
14 166463
14 166464
14 166465
14 167174
14 167175
14 167176
14 166469
14 167177
14 167178
14 167179
14 166473
14 166474
14 167180
14 166476
14 166477
14 166478
14 166479
14 166480
14 166481
14 167181
14 166483
14 166484
14 167182
14 167183
14 166487
14 167184
14 166489
14 167185
14 167186
14 166492
14 166493
14 167187
14 167188
14 167189
14 166497
14 167190
14 167191
14 166500
14 166501
14 167192
14 167193
14 167194
14 167195
14 167196
14 167197
14 166508
14 167198
14 166510
14 166511
14 166512
14 167199
14 167200
14 167201
14 167202
14 167203
14 167204
14 167205
14 167206
14 167207
14 167208
14 167209
14 167210
14 167211
14 167212
14 167213
14 167214
14 167215
14 167216
14 167217
14 167218
14 167219
14 167220
14 166535
14 166536
14 166537
14 166538
14 166539
14 166540
14 166541
14 166542
14 166543
14 166544
14 166545
14 166546
14 166547
14 166548
14 166549
14 166550
14 166551
14 167221
14 167222
14 167223
14 167224
14 167225
14 166557
14 166558
14 166559
14 166560
14 167226
14 167227
14 167228
14 166564
14 167229
14 167230
14 167231
14 167232
14 167233
14 167234
14 167235
14 167236
14 167237
14 167238
14 166575
14 167239
14 166577
14 167240
14 167241
14 166580
14 166581
14 166582
14 166583
14 166584
14 166585
14 167242
14 167243
14 167244
14 166589
14 166590
14 167245
14 166592
14 167246
14 166594
14 166595
14 166596
14 166597
14 167247
14 167248
14 166600
14 166601
14 167249
14 166603
14 166604
14 167250
14 166606
