11 161874
11 161875
11 161876
11 161877
11 161878
11 161879
11 161880
11 161881
11 161882
11 161883
11 161884
11 161885
11 161886
11 161887
11 161888
11 161889
11 161890
11 161891
11 161892
11 161893
11 161894
11 161895
11 161896
11 161897
11 161898
11 161899
11 161900
11 161901
11 161902
11 161903
11 161904
11 161905
11 161906
11 161907
11 161908
11 161909
11 161910
11 161911
11 161912
11 161913
11 161914
11 161915
11 161916
11 161917
11 161918
11 161919
11 161920
11 161921
11 161922
11 161923
11 161924
11 161925
11 161926
11 161927
11 161928
11 161929
11 161930
11 161931
11 161932
11 161933
11 161934
11 161935
11 161936
11 161937
11 161938
11 161939
11 161940
11 161941
11 161942
11 161943
11 161944
11 161945
11 161946
11 161947
11 161948
11 161949
11 161950
11 161951
11 161952
11 161953
11 161954
11 161955
11 161956
11 161957
11 161958
11 161959
11 161960
11 161961
11 161962
11 161963
11 161964
11 161965
11 161966
11 161967
11 161968
11 161969
11 161970
11 161971
11 161972
11 161973
11 161974
11 161975
11 161976
11 161977
11 161978
11 161979
11 161980
11 161981
11 161982
11 161983
11 161984
11 161985
11 161986
11 161987
11 161988
11 161989
11 161990
11 161991
11 161992
11 161993
11 161994
11 161995
11 161996
11 161997
11 161998
11 161999
11 162000
11 162001
11 162002
11 162003
11 162004
11 162005
11 162006
11 162007
11 162008
11 162009
11 162010
11 162011
11 162012
11 162013
11 162014
11 162015
11 162016
11 162017
11 162018
11 162019
11 162020
11 162021
11 162022
11 162023
11 162024
11 162025
11 162026
11 162027
11 162028
11 162029
11 162030
11 162031
11 162032
11 162033
11 162034
11 162035
11 162036
11 162037
11 162038
11 162039
11 162040
11 162041
11 162042
11 162043
11 162044
11 162045
11 162046
11 162047
11 162048
11 162049
11 162050
11 162051
11 162052
11 162053
11 162054
11 162055
11 162056
11 162057
11 162058
11 162059
11 162060
11 162061
11 162062
11 162063
11 162064
11 162065
11 162066
11 162067
11 162068
11 162069
11 162070
11 162071
11 162072
11 162073
11 162074
11 162075
11 162076
11 162077
11 162078
11 162079
11 162080
11 162081
11 162082
11 162083
11 162084
11 162085
11 162086
11 162087
11 162088
11 162089
11 162090
11 162091
11 162092
11 162093
11 162094
11 162095
11 162096
11 162097
11 162098
11 162099
11 162100
11 162101
11 162102
11 162103
11 162104
11 162105
11 162106
11 162107
11 162108
11 162109
11 162110
11 162111
11 162112
11 162113
11 162114
11 162115
11 162116
11 162117
11 162118
11 162119
11 162120
11 162121
11 162122
11 162123
11 162124
11 162125
11 162126
11 162127
11 162128
11 162129
11 162130
11 162131
11 162132
11 162133
11 162134
11 162135
11 162136
11 162137
11 162138
11 162139
11 162140
11 162141
11 162142
11 162143
11 162144
11 162145
11 162146
11 162147
11 162148
11 162149
11 162150
11 162151
11 162152
11 162153
11 162154
11 162155
11 162156
11 162157
11 162158
11 162159
11 162160
11 162161
11 162162
11 162163
11 162164
11 162165
11 162166
11 162167
11 162168
11 162169
11 162170
11 162171
11 162172
11 162173
11 162174
11 162175
11 162176
11 162177
11 162178
11 162179
11 162180
11 162181
11 162182
11 162183
11 162184
11 162185
11 162186
11 162187
11 162188
11 162189
11 162190
11 162191
11 162192
11 162193
11 162194
11 162195
11 162196
11 162197
11 162198
11 162199
11 162200
11 162201
11 162202
11 162203
11 162204
11 162205
11 162206
11 162207
11 162208
11 162209
11 162210
11 162211
11 162212
11 162213
11 162214
11 162215
11 162216
11 162217
11 162218
11 162219
11 162220
11 162221
11 162222
11 162223
11 162224
11 162225
11 162226
11 162227
11 162228
11 162229
11 162230
11 162231
11 162232
11 162233
11 162234
11 162235
11 162236
11 162237
11 162238
11 162239
11 162240
11 162241
11 162242
11 162243
11 162244
11 162245
11 162246
11 162247
11 162248
11 162249
11 162250
11 162251
11 162252
11 162253
11 162254
11 162255
11 162256
11 162257
11 162258
11 162259
11 162260
11 162261
11 162262
11 162263
11 162264
11 162265
11 162266
11 162267
11 162268
11 162269
11 162270
11 162271
11 162272
11 162273
11 162274
11 162275
11 162276
11 162277
11 162278
11 162279
11 162280
11 162281
11 162282
11 162283
11 162284
11 162285
11 162286
11 162287
11 162288
11 162289
11 162290
11 162291
11 162292
11 162293
11 162294
11 162295
11 162296
11 162297
11 162298
11 162299
11 162300
11 162301
11 162302
11 162303
11 162304
11 162305
11 162306
11 162307
11 162308
11 162309
11 162310
11 162311
11 162312
11 162313
11 162314
11 162315
11 162316
11 162317
11 162318
11 162319
11 162320
11 162321
11 162322
11 162323
11 162324
11 162325
11 162326
11 162327
11 162328
11 162329
11 162330
11 162331
11 162332
11 162333
11 162334
11 162335
11 162336
11 162337
11 162338
11 162339
11 162340
11 162341
11 162342
11 162343
11 162344
11 162345
11 162346
11 162347
11 162348
11 162349
11 162350
11 162351
11 162352
11 162353
11 162354
11 162355
11 162356
11 162357
11 162358
11 162359
11 162360
11 162361
11 162362
11 162363
11 162364
11 162365
11 162366
11 162367
11 162368
11 162369
11 162370
11 162371
11 162372
11 162373
11 162374
11 162375
11 162376
11 162377
11 162378
11 162379
11 162380
11 162381
11 162382
11 162383
11 162384
11 162385
11 162386
11 162387
11 162388
11 162389
11 162390
11 162391
11 162392
11 162393
11 162394
11 162395
11 162396
11 162397
11 162398
11 162399
11 162400
11 162401
11 162402
11 162403
11 162404
11 162405
11 162406
11 162407
11 162408
11 162409
11 162410
11 162411
11 162412
11 162413
11 162414
11 162415
11 162416
11 162417
11 162418
11 162419
11 162420
11 162421
11 162422
11 162423
11 162424
11 162425
11 162426
11 162427
11 162428
11 162429
11 162430
11 162431
11 162432
11 162433
11 162434
11 162435
11 162436
11 162437
11 162438
11 162439
11 162440
11 162441
11 162442
11 162443
11 162444
11 162445
11 162446
11 162447
11 162448
11 162449
11 162450
11 162451
11 162452
11 162453
11 162454
11 162455
11 162456
11 162457
11 162458
11 162459
11 162460
11 162461
11 162462
11 162463
11 162464
11 162465
11 162466
11 162467
11 162468
11 162469
11 162470
11 162471
11 162472
11 162473
11 162474
11 162475
11 162476
11 162477
11 162478
11 162479
11 162480
11 162481
11 162482
11 162483
11 162484
11 162485
11 162486
11 162487
11 162488
11 162489
11 162490
11 162491
11 162492
11 162493
11 162494
11 162495
11 162496
11 162497
11 162498
11 162499
11 162500
11 162501
11 162502
11 162503
11 162504
11 162505
11 162506
11 162507
11 162508
11 162509
11 162510
11 162511
11 162512
11 162513
11 162514
11 162515
11 162516
11 162517
11 162518
11 162519
11 162520
11 162521
11 162522
11 162523
11 162524
11 162525
11 162526
11 162527
11 162528
11 162529
11 162530
11 162531
11 162532
11 162533
11 162534
11 162535
11 162536
11 162537
11 162538
11 162539
11 162540
11 162541
11 162542
11 162543
11 162544
11 162545
11 162546
11 162547
11 162548
11 162549
11 162550
11 162551
11 162552
11 162553
11 162554
11 162555
11 162556
11 162557
11 162558
11 162559
11 162560
11 162561
11 162562
11 162563
11 162564
11 162565
11 162566
11 162567
11 162568
11 162569
11 162570
11 162571
11 162572
11 162573
11 162574
11 162575
11 162576
11 162577
11 162578
11 162579
11 162580
11 162581
11 162582
11 162583
11 162584
11 162585
11 162586
11 162587
11 162588
11 162589
11 162590
11 162591
11 162592
11 162593
11 162594
11 162595
11 162596
11 162597
11 162598
11 162599
11 162600
11 162601
11 162602
11 162603
11 162604
11 162605
11 162606
11 162607
11 162608
11 162609
11 162610
11 162611
11 162612
11 162613
11 162614
11 162615
11 162616
11 162617
11 162618
11 162619
11 162620
11 162621
11 162622
11 162623
11 162624
11 162625
11 162626
11 162627
11 162628
11 162629
11 162630
11 162631
11 162632
11 162633
11 162634
11 162635
11 162636
11 162637
11 162638
11 162639
11 162640
11 162641
11 162642
11 162643
11 162644
11 162645
11 162646
11 162647
11 162648
11 162649
11 162650
11 162651
11 162652
11 162653
11 162654
11 162655
11 162656
11 162657
11 162658
11 162659
11 162660
11 162661
11 162662
11 162663
11 162664
11 162665
11 162666
11 162667
11 162668
11 162669
11 162670
11 162671
11 162672
11 162673
11 162674
11 162675
11 162676
11 162677
11 162678
11 162679
11 162680
11 162681
11 162682
11 162683
11 162684
11 162685
11 162686
11 162687
11 162688
11 162689
11 162690
11 162691
11 162692
11 162693
11 162694
11 162695
11 162696
11 162697
11 162698
11 162699
11 162700
11 162701
11 162702
11 162703
11 162704
11 162705
11 162706
11 162707
11 162708
11 162709
11 162710
11 162711
11 162712
11 162713
11 162714
11 162715
11 162716
11 162717
11 162718
11 162719
11 162720
11 162721
11 162722
11 162723
11 162724
11 162725
11 162726
11 162727
11 162728
11 162729
11 162730
11 162731
11 162732
11 162733
11 162734
11 162735
11 162736
11 162737
11 162738
11 162739
11 162740
11 162741
11 162742
11 162743
11 162744
11 162745
11 162746
11 162747
11 162748
11 162749
11 162750
11 162751
11 162752
11 162753
11 162754
11 162755
11 162756
11 162757
11 162758
11 162759
11 162760
11 162761
11 162762
11 162763
11 162764
11 162765
11 162766
11 162767
11 162768
11 162769
11 162770
11 162771
11 162772
11 162773
11 162774
11 162775
11 162776
11 162777
11 162778
11 162779
11 162780
11 162781
11 162782
11 162783
11 162784
11 162785
11 162786
11 162787
11 162788
11 162789
11 162790
11 162791
11 162792
11 162793
11 162794
11 162795
11 162796
11 162797
11 162798
11 162799
11 162800
11 162801
11 162802
11 162803
11 162804
11 162805
11 162806
11 162807
11 162808
11 162809
11 162810
11 162811
11 162812
11 162813
11 162814
11 162815
11 162816
11 162817
11 162818
11 162819
11 162820
11 162821
11 162822
11 162823
11 162824
11 162825
11 162826
11 162827
11 162828
11 162829
11 162830
11 162831
11 162832
11 162833
11 162834
11 162835
11 162836
11 162837
11 162838
11 162839
11 162840
11 162841
11 162842
11 162843
11 162844
11 162845
11 162846
11 162847
11 162848
11 162849
11 162850
11 162851
11 162852
11 162853
11 162854
11 162855
11 162856
11 162857
11 162858
11 162859
11 162860
11 162861
11 162862
11 162863
11 162864
11 162865
11 162866
11 162867
11 162868
11 162869
11 162870
11 162871
11 162872
11 162873
11 162874
11 162875
11 162876
11 162877
11 162878
11 162879
11 162880
11 162881
11 162882
11 162883
11 162884
11 162885
11 162886
11 162887
11 162888
11 162889
11 162890
11 162891
11 162892
11 162893
11 162894
11 162895
11 162896
11 162897
11 162898
11 162899
11 162900
11 162901
11 162902
11 162903
11 162904
11 162905
11 162906
11 162907
11 162908
11 162909
11 162910
11 162911
11 162912
11 162913
11 162914
11 162915
11 162916
11 162917
11 162918
11 162919
11 162920
11 162921
11 162922
11 162923
11 162924
11 162925
11 162926
11 162927
11 162928
11 162929
11 162930
11 162931
11 162932
11 162933
11 162934
11 162935
11 162936
11 162937
11 162938
11 162939
11 162940
11 162941
11 162942
11 162943
11 162944
11 162945
11 162946
11 162947
11 162948
11 162949
11 162950
11 162951
11 162952
11 162953
11 162954
11 162955
11 162956
11 162957
11 162958
11 162959
11 162960
11 162961
11 162962
11 162963
11 162964
11 162965
11 162966
11 162967
11 162968
11 162969
11 162970
11 162971
11 162972
11 162973
11 162974
11 162975
11 162976
11 162977
11 162978
11 162979
11 162980
11 162981
11 162982
11 162983
11 162984
11 162985
11 162986
11 162987
11 162988
11 162989
11 162990
11 162991
11 162992
11 162993
11 162994
11 162995
11 162996
11 162997
11 162998
11 162999
11 163000
11 163001
11 163002
11 163003
11 163004
11 163005
11 163006
11 163007
11 163008
11 163009
11 163010
11 163011
11 163012
11 163013
11 163014
11 163015
11 163016
11 163017
11 163018
11 163019
11 163020
11 163021
11 163022
11 163023
11 163024
11 163025
11 163026
11 163027
11 163028
11 163029
11 163030
11 163031
11 163032
11 163033
11 163034
11 163035
11 163036
11 163037
11 163038
11 163039
11 163040
11 163041
11 163042
11 163043
11 163044
11 163045
11 163046
11 163047
11 163048
11 163049
11 163050
11 163051
11 163052
11 163053
11 163054
11 163055
11 163056
11 163057
11 163058
11 163059
11 163060
11 163061
11 163062
11 163063
11 163064
11 163065
11 163066
11 163067
11 163068
11 163069
11 163070
11 163071
11 163072
11 163073
11 163074
11 163075
11 163076
11 163077
11 163078
11 163079
11 163080
11 163081
11 163082
11 163083
11 163084
11 163085
11 163086
11 163087
11 163088
11 163089
11 163090
11 163091
11 163092
11 163093
11 163094
11 163095
11 163096
11 163097
11 163098
11 163099
11 163100
11 163101
11 163102
11 163103
11 163104
11 163105
11 163106
11 163107
11 163108
11 163109
11 163110
11 163111
11 163112
11 163113
11 163114
11 163115
11 163116
11 163117
11 163118
11 163119
11 163120
11 163121
11 163122
11 163123
11 163124
11 163125
11 163126
11 163127
11 163128
11 163129
11 163130
11 163131
11 163132
11 163133
11 163134
11 163135
11 163136
11 163137
11 163138
11 163139
11 163140
11 163141
11 163142
11 163143
11 163144
11 163145
11 163146
11 163147
11 163148
11 163149
11 163150
11 163151
11 163152
11 163153
11 163154
11 163155
11 163156
11 163157
11 163158
11 163159
11 163160
11 163161
11 163162
11 163163
11 163164
11 163165
11 163166
11 163167
11 163168
11 163169
11 163170
11 163171
11 163172
11 163173
11 163174
11 163175
11 163176
11 163177
11 163178
11 163179
11 163180
11 163181
11 163182
11 163183
11 163184
11 163185
11 163186
11 163187
11 163188
11 163189
11 163190
11 163191
11 163192
11 163193
11 163194
11 163195
11 163196
11 163197
11 163198
11 163199
11 163200
11 163201
11 163202
11 163203
11 163204
11 163205
11 163206
11 163207
11 163208
11 163209
11 163210
11 163211
11 163212
11 163213
11 163214
11 163215
11 163216
11 163217
11 163218
11 163219
11 163220
11 163221
11 163222
11 163223
11 163224
11 163225
11 163226
11 163227
11 163228
11 163229
11 163230
11 163231
11 163232
11 163233
11 163234
11 163235
11 163236
11 163237
11 163238
11 163239
11 163240
11 163241
11 163242
11 163243
11 163244
11 163245
11 163246
11 163247
11 163248
11 163249
11 163250
11 163251
11 163252
11 163253
11 163254
11 163255
11 163256
11 163257
11 163258
11 163259
11 163260
11 163261
11 163262
11 163263
11 163264
11 163265
11 163266
11 163267
11 163268
11 163269
11 163270
11 163271
11 163272
11 163273
11 163274
11 163275
11 163276
11 163277
11 163278
11 163279
11 163280
11 163281
11 163282
11 163283
11 163284
11 163285
11 163286
11 163287
11 163288
11 163289
11 163290
11 163291
11 163292
11 163293
11 163294
11 163295
11 163296
11 163297
11 163298
11 163299
11 163300
11 163301
11 163302
11 163303
11 163304
11 163305
11 163306
11 163307
11 163308
11 163309
11 163310
11 163311
11 163312
11 163313
11 163314
11 163315
11 163316
11 163317
11 163318
11 163319
11 163320
11 163321
11 163322
11 163323
11 163324
11 163325
11 163326
11 163327
11 163328
11 163329
11 163330
11 163331
11 163332
11 163333
11 163334
11 163335
11 163336
11 163337
11 163338
11 163339
11 163340
11 163341
11 163342
11 163343
11 163344
11 163345
11 163346
11 163347
11 163348
11 163349
11 163350
11 163351
11 163352
11 163353
11 163354
11 163355
11 163356
11 163357
11 163358
11 163359
11 163360
11 163361
11 163362
11 163363
11 163364
11 163365
11 163366
11 163367
11 163368
11 163369
11 163370
11 163371
11 163372
11 163373
11 163374
11 163375
11 163376
11 163377
11 163378
11 163379
11 163380
11 163381
11 163382
11 163383
11 163384
11 163385
11 163386
11 163387
11 163388
11 163389
11 163390
11 163391
11 163392
11 163393
11 163394
11 163395
11 163396
11 163397
11 163398
11 163399
11 163400
11 163401
11 163402
11 163403
11 163404
11 163405
11 163406
11 163407
11 163408
11 163409
11 163410
11 163411
11 163412
11 163413
11 163414
11 163415
11 163416
11 163417
11 163418
11 163419
11 163420
11 163421
11 163422
11 163423
11 163424
11 163425
11 163426
11 163427
11 163428
11 163429
11 163430
11 163431
11 163432
11 163433
11 163434
11 163435
11 163436
11 163437
11 163438
11 163439
11 163440
11 163441
11 163442
11 163443
11 163444
11 163445
11 163446
11 163447
11 163448
11 163449
11 163450
11 163451
11 163452
11 163453
11 163454
11 163455
11 163456
11 163457
11 163458
11 163459
11 163460
11 163461
11 163462
11 163463
11 163464
11 163465
11 163466
11 163467
11 163468
11 163469
11 163470
11 163471
11 163472
11 163473
11 163474
11 163475
11 163476
11 163477
11 163478
11 163479
11 163480
11 163481
11 163482
11 163483
11 163484
11 163485
11 163486
11 163487
11 163488
11 163489
11 163490
11 163491
11 163492
11 163493
11 163494
11 163495
11 163496
11 163497
11 163498
11 163499
11 163500
11 163501
11 163502
11 163503
11 163504
11 163505
11 163506
11 163507
11 163508
11 163509
11 163510
11 163511
11 163512
11 163513
11 163514
11 163515
11 163516
11 163517
11 163518
11 163519
11 163520
11 163521
11 163522
11 163523
11 163524
11 163525
11 163526
11 163527
11 163528
11 163529
11 163530
11 163531
11 163532
11 163533
11 163534
11 163535
11 163536
11 163537
11 163538
11 163539
11 163540
11 163541
11 163542
11 163543
11 163544
11 163545
11 163546
11 163547
11 163548
11 163549
11 163550
11 163551
11 163552
11 163553
11 163554
11 163555
11 163556
11 163557
11 163558
11 163559
11 163560
11 163561
11 163562
11 163563
11 163564
11 163565
11 163566
11 163567
11 163568
11 163569
11 163570
11 163571
11 163572
11 163573
11 163574
11 163575
11 163576
11 163577
11 163578
11 163579
11 163580
11 163581
11 163582
11 163583
11 163584
11 163585
11 163586
11 163587
11 163588
11 163589
11 163590
11 163591
11 163592
11 163593
11 163594
11 163595
11 163596
11 163597
11 163598
11 163599
11 163600
11 163601
11 163602
11 163603
11 163604
11 163605
11 163606
11 163607
11 163608
11 163609
11 163610
11 163611
11 163612
11 163613
11 163614
11 163615
11 163616
11 163617
11 163618
11 163619
11 163620
11 163621
11 163622
11 163623
11 163624
11 163625
11 163626
11 163627
11 163628
11 163629
11 163630
11 163631
11 163632
11 163633
11 163634
11 163635
11 163636
11 163637
11 163638
11 163639
11 163640
11 163641
11 163642
11 163643
11 163644
11 163645
11 163646
11 163647
11 163648
11 163649
11 163650
11 163651
11 163652
11 163653
11 163654
11 163655
11 163656
11 163657
11 163658
11 163659
11 163660
11 163661
11 163662
11 163663
11 163664
11 163665
11 163666
11 163667
11 163668
11 163669
11 163670
11 163671
11 163672
11 163673
11 163674
11 163675
11 163676
11 163677
11 163678
11 163679
11 163680
11 163681
11 163682
11 163683
11 163684
11 163685
11 163686
11 163687
11 163688
11 163689
11 163690
11 163691
11 163692
11 163693
11 163694
11 163695
11 163696
11 163697
11 163698
11 163699
11 163700
11 163701
11 163702
11 163703
11 163704
11 163705
11 163706
11 163707
11 163708
11 163709
11 163710
11 163711
11 163712
11 163713
11 163714
11 163715
11 163716
11 163717
11 163718
11 163719
11 163720
11 163721
11 163722
11 163723
11 163724
11 163725
11 163726
11 163727
11 163728
11 163729
11 163730
11 163731
11 163732
11 163733
11 163734
11 163735
11 163736
11 163737
11 163738
11 163739
11 163740
11 163741
11 163742
11 163743
11 163744
11 163745
11 163746
11 163747
11 163748
11 163749
11 163750
11 163751
11 163752
11 163753
11 163754
11 163755
11 163756
11 163757
11 163758
11 163759
11 163760
11 163761
11 163762
11 163763
11 163764
11 163765
11 163766
11 163767
11 163768
11 163769
11 163770
11 163771
11 163772
11 163773
11 163774
11 163775
11 163776
11 163777
11 163778
11 163779
11 163780
11 163781
11 163782
11 163783
11 163784
11 163785
11 163786
11 163787
11 163788
11 163789
11 163790
11 163791
11 163792
11 163793
11 163794
11 163795
11 163796
11 163797
11 163798
11 163799
11 163800
11 163801
11 163802
11 163803
11 163804
11 163805
11 163806
11 163807
11 163808
11 163809
11 163810
11 163811
11 163812
11 163813
11 163814
11 163815
11 163816
11 163817
11 163818
11 163819
11 163820
11 163821
11 163822
11 163823
11 163824
11 163825
11 163826
11 163827
11 163828
11 163829
11 163830
11 163831
11 163832
11 163833
11 163834
11 163835
11 163836
11 163837
11 163838
11 163839
11 163840
11 163841
11 163842
11 163843
11 163844
11 163845
11 163846
11 163847
11 163848
11 163849
11 163850
11 163851
11 163852
11 163853
11 163854
11 163855
11 163856
11 163857
11 163858
11 163859
11 163860
11 163861
11 163862
11 163863
11 163864
11 163865
11 163866
11 163867
11 163868
11 163869
11 163870
11 163871
11 163872
11 163873
11 163874
11 163875
11 163876
11 163877
11 163878
11 163879
11 163880
11 163881
11 163882
11 163883
11 163884
11 163885
11 163886
11 163887
11 163888
11 163889
11 163890
11 163891
11 163892
11 163893
11 163894
11 163895
11 163896
11 163897
11 163898
11 163899
11 163900
11 163901
11 163902
11 163903
11 163904
11 163905
11 163906
11 163907
11 163908
11 163909
11 163910
11 163911
11 163912
11 163913
11 163914
11 163915
11 163916
11 163917
11 163918
11 163919
11 163920
11 163921
11 163922
11 163923
11 163924
11 163925
11 163926
11 163927
11 163928
11 163929
11 163930
11 163931
11 163932
11 163933
11 163934
11 163935
11 163936
11 163937
11 163938
11 163939
11 163940
11 163941
11 163942
11 163943
11 163944
11 163945
11 163946
11 163947
11 163948
11 163949
11 163950
11 163951
11 163952
11 163953
11 163954
11 163955
11 163956
11 163957
11 163958
11 163959
11 163960
11 163961
11 163962
11 163963
11 163964
11 163965
11 163966
11 163967
11 163968
11 163969
11 163970
11 163971
11 163972
11 163973
11 163974
11 163975
11 163976
11 163977
11 163978
11 163979
11 163980
11 163981
11 163982
11 163983
11 163984
11 163985
11 163986
11 163987
11 163988
11 163989
11 163990
11 163991
11 163992
11 163993
11 163994
11 163995
11 163996
11 163997
11 163998
11 163999
11 164000
11 164001
11 164002
11 164003
11 164004
11 164005
11 164006
11 164007
11 164008
11 164009
11 164010
11 164011
11 164012
11 164013
11 164014
11 164015
11 164016
11 164017
11 164018
11 164019
11 164020
11 164021
11 164022
11 164023
11 164024
11 164025
11 164026
11 164027
11 164028
11 164029
11 164030
11 164031
11 164032
11 164033
11 164034
11 164035
11 164036
11 164037
11 164038
11 164039
11 164040
11 164041
11 164042
11 164043
11 164044
11 164045
11 164046
11 164047
11 164048
11 164049
11 164050
11 164051
11 164052
11 164053
11 164054
11 164055
11 164056
11 164057
11 164058
11 164059
11 164060
11 164061
11 164062
11 164063
11 164064
11 164065
11 164066
11 164067
11 164068
11 164069
11 164070
11 164071
11 164072
11 164073
11 164074
11 164075
11 164076
11 164077
11 164078
11 164079
11 164080
11 164081
11 164082
11 164083
11 164084
11 164085
11 164086
11 164087
11 164088
11 164089
11 164090
11 164091
11 164092
11 164093
11 164094
11 164095
11 164096
11 164097
11 164098
11 164099
11 164100
11 164101
11 164102
11 164103
11 164104
11 164105
11 164106
11 164107
11 164108
11 164109
11 164110
11 164111
11 164112
11 164113
11 164114
11 164115
11 164116
11 164117
11 164118
11 164119
11 164120
11 164121
11 164122
11 164123
11 164124
11 164125
11 164126
11 164127
11 164128
11 164129
11 164130
11 164131
11 164132
11 164133
11 164134
11 164135
11 164136
11 164137
11 164138
11 164139
11 164140
11 164141
11 164142
11 164143
11 164144
11 164145
11 164146
11 164147
11 164148
11 164149
11 164150
11 164151
11 164152
11 164153
11 164154
11 164155
11 164156
11 164157
11 164158
11 164159
11 164160
11 164161
11 164162
11 164163
11 164164
11 164165
11 164166
11 164167
11 164168
11 164169
11 164170
11 164171
11 164172
11 164173
11 164174
11 164175
11 164176
11 164177
11 164178
11 164179
11 164180
11 164181
11 164182
11 164183
11 164184
11 164185
11 164186
11 164187
11 164188
11 164189
11 164190
11 164191
11 164192
11 164193
11 164194
11 164195
11 164196
11 164197
11 164198
11 164199
11 164200
11 164201
11 164202
11 164203
11 164204
11 164205
11 164206
11 164207
11 164208
11 164209
11 164210
11 164211
11 164212
11 164213
11 164214
11 164215
11 164216
11 164217
11 164218
11 164219
11 164220
11 164221
11 164222
11 164223
11 164224
11 164225
11 164226
11 164227
11 164228
11 164229
11 164230
11 164231
11 164232
11 164233
11 164234
11 164235
11 164236
11 164237
11 164238
11 164239
11 164240
11 164241
11 164242
11 164243
11 164244
11 164245
11 164246
11 164247
11 164248
11 164249
11 164250
11 164251
11 164252
11 164253
11 164254
11 164255
11 164256
11 164257
11 164258
11 164259
11 164260
11 164261
11 164262
11 164263
11 164264
11 164265
11 164266
11 164267
11 164268
11 164269
11 164270
11 164271
11 164272
11 164273
11 164274
11 164275
11 164276
11 164277
11 164278
11 164279
11 164280
11 164281
11 164282
11 164283
11 164284
11 164285
11 164286
11 164287
11 164288
11 164289
11 164290
11 164291
11 164292
11 164293
11 164294
11 164295
11 164296
11 164297
11 164298
11 164299
11 164300
11 164301
11 164302
11 164303
11 164304
11 164305
11 164306
11 164307
11 164308
11 164309
11 164310
11 164311
11 164312
11 164313
11 164314
11 164315
11 164316
11 164317
11 164318
11 164319
11 164320
11 164321
11 164322
11 164323
11 164324
11 164325
11 164326
11 164327
11 164328
11 164329
11 164330
11 164331
11 164332
11 164333
11 164334
11 164335
11 164336
11 164337
11 164338
11 164339
11 164340
11 164341
11 164342
11 164343
11 164344
11 164345
11 164346
11 164347
11 164348
11 164349
11 164350
11 164351
11 164352
11 164353
11 164354
11 164355
11 164356
11 164357
11 164358
11 164359
11 164360
11 164361
11 164362
11 164363
11 164364
11 164365
11 164366
11 164367
11 164368
11 164369
11 164370
11 164371
11 164372
11 164373
11 164374
11 164375
11 164376
11 164377
11 164378
11 164379
11 164380
11 164381
11 164382
11 164383
11 164384
11 164385
11 164386
11 164387
11 164388
11 164389
11 164390
11 164391
11 164392
11 164393
11 164394
11 164395
11 164396
11 164397
11 164398
11 164399
11 164400
11 164401
11 164402
11 164403
11 164404
11 164405
11 164406
11 164407
11 164408
11 164409
11 164410
11 164411
11 164412
11 164413
11 164414
11 164415
11 164416
11 164417
11 164418
11 164419
11 164420
11 164421
11 164422
11 164423
11 164424
11 164425
11 164426
11 164427
11 164428
11 164429
11 164430
11 164431
11 164432
11 164433
11 164434
11 164435
11 164436
11 164437
11 164438
11 164439
11 164440
11 164441
11 164442
11 164443
11 164444
11 164445
11 164446
11 164447
11 164448
11 164449
11 164450
11 164451
11 164452
11 164453
11 164454
11 164455
11 164456
11 164457
11 164458
11 164459
11 164460
11 164461
11 164462
11 164463
11 164464
11 164465
11 164466
11 164467
11 164468
11 164469
11 164470
11 164471
11 164472
11 164473
11 164474
11 164475
11 164476
11 164477
11 164478
11 164479
11 164480
11 164481
11 164482
11 164483
11 164484
11 164485
11 164486
11 164487
11 164488
11 164489
11 164490
11 164491
11 164492
11 164493
11 164494
11 164495
11 164496
11 164497
11 164498
11 164499
11 164500
11 164501
11 164502
11 164503
11 164504
11 164505
11 164506
11 164507
11 164508
11 164509
11 164510
11 164511
11 164512
11 164513
11 164514
11 164515
11 164516
11 164517
11 164518
11 164519
11 164520
11 164521
11 164522
11 164523
11 164524
11 164525
11 164526
11 164527
11 164528
11 164529
11 164530
11 164531
11 164532
11 164533
11 164534
11 164535
11 164536
11 164537
11 164538
11 164539
11 164540
11 164541
11 164542
11 164543
11 164544
11 164545
11 164546
11 164547
11 164548
11 164549
11 164550
11 164551
11 164552
11 164553
11 164554
11 164555
11 164556
11 164557
11 164558
11 164559
11 164560
11 164561
11 164562
11 164563
11 164564
11 164565
11 164566
11 164567
11 164568
11 164569
11 164570
11 164571
11 164572
11 164573
11 164574
11 164575
11 164576
11 164577
11 164578
11 164579
11 164580
11 164581
11 164582
11 164583
11 164584
11 164585
11 164586
11 164587
11 164588
11 164589
11 164590
11 164591
11 164592
11 164593
11 164594
11 164595
11 164596
11 164597
11 164598
11 164599
11 164600
11 164601
11 164602
11 164603
11 164604
11 164605
11 164606
11 164607
11 164608
11 164609
11 164610
11 164611
11 164612
11 164613
11 164614
11 164615
11 164616
11 164617
11 164618
11 164619
11 164620
11 164621
11 164622
11 164623
11 164624
11 164625
11 164626
11 164627
11 164628
11 164629
11 164630
11 164631
11 164632
11 164633
11 164634
11 164635
11 164636
11 164637
11 164638
11 164639
11 164640
11 164641
11 164642
11 164643
11 164644
11 164645
11 164646
11 164647
11 164648
11 164649
11 164650
11 164651
11 164652
11 164653
11 164654
11 164655
11 164656
11 164657
11 164658
11 164659
11 164660
11 164661
11 164662
11 164663
11 164664
11 164665
11 164666
11 164667
11 164668
11 164669
11 164670
11 164671
11 164672
11 164673
11 164674
11 164675
11 164676
11 164677
11 164678
11 164679
11 164680
11 164681
11 164682
11 164683
11 164684
11 164685
11 164686
11 164687
11 164688
11 164689
11 164690
11 164691
11 164692
11 164693
11 164694
11 164695
11 164696
11 164697
11 164698
11 164699
11 164700
11 164701
11 164702
11 164703
11 164704
11 164705
11 164706
11 164707
11 164708
11 164709
11 164710
11 164711
11 164712
11 164713
11 164714
11 164715
11 164716
11 164717
11 164718
11 164719
11 164720
11 164721
11 164722
11 164723
11 164724
11 164725
11 164726
11 164727
11 164728
11 164729
11 164730
11 164731
11 164732
11 164733
11 164734
11 164735
11 164736
11 164737
11 164738
11 164739
11 164740
11 164741
11 164742
11 164743
11 164744
11 164745
11 164746
11 164747
11 164748
11 164749
11 164750
11 164751
11 164752
11 164753
11 164754
11 164755
11 164756
11 164757
11 164758
11 164759
11 164760
11 164761
11 164762
11 164763
12 164563
12 164764
12 164765
12 164766
12 164767
12 164768
12 164769
12 164770
12 164771
12 164772
12 163864
12 164773
12 164774
12 161891
12 164775
12 164776
12 164777
12 164778
12 164779
12 164249
12 164780
12 164565
12 161907
12 164781
12 164782
12 164783
12 164784
12 164785
12 164786
12 164787
12 164169
12 164320
12 164788
12 161943
12 164789
12 164790
12 164791
12 164792
12 164793
12 164794
12 164795
12 164796
12 163767
12 163983
12 164797
12 164798
12 164799
12 164800
12 162037
12 164801
12 164802
12 163570
12 164803
12 161981
12 164804
12 164302
12 164140
12 164805
12 164806
12 163733
12 164807
12 164808
12 164809
12 164810
12 164811
12 164812
12 164813
12 164814
12 162001
12 164815
12 164816
12 163905
12 164817
12 164818
12 164819
12 164820
12 164821
12 162066
12 162057
12 164822
12 163704
12 164823
12 164824
12 164825
12 164826
12 164827
12 164828
12 164531
12 164829
12 162077
12 164830
12 164831
12 164832
12 164833
12 162094
12 164834
12 164835
12 164836
12 164222
12 164837
12 164838
12 162104
12 164839
12 162113
12 164112
12 163805
12 164840
12 162850
12 162882
12 164841
12 162873
12 164842
12 164843
12 164844
12 164845
12 164846
12 161976
12 163050
12 162140
12 164847
12 162159
12 162985
12 162164
12 164848
12 164849
12 164850
12 162171
12 164851
12 162065
12 164852
12 164853
12 164854
12 164855
12 163398
12 164856
12 164857
12 164858
12 164859
12 164860
12 162194
12 162766
12 164861
12 164862
12 164863
12 164864
12 164865
12 164866
12 163214
12 163571
12 162208
12 164867
12 164868
12 164869
12 164870
12 164871
12 164872
12 162241
12 164873
12 164874
12 164875
12 164876
12 162459
12 162701
12 164877
12 164878
12 164879
12 164880
12 162570
12 164519
12 162269
12 162495
12 162271
12 162275
12 164881
12 164882
12 164883
12 162283
12 164884
12 164456
12 163795
12 164885
12 164886
12 164887
12 164481
12 163735
12 164888
12 163508
12 162324
12 164889
12 164191
12 164890
12 164891
12 164892
12 162135
12 164893
12 164894
12 164895
12 164896
12 162338
12 164897
12 164898
12 162344
12 164899
12 164900
12 164458
12 163124
12 163129
12 164901
12 163866
12 164902
12 164601
12 162365
12 164903
12 162793
12 163587
12 164904
12 164905
12 164906
12 163470
12 164907
12 164908
12 163534
12 164258
12 164909
12 164910
12 162397
12 164911
12 164912
12 164913
12 164914
12 164915
12 162418
12 164916
12 162424
12 162423
12 163186
12 164917
12 162433
12 162436
12 164625
12 164918
12 164919
12 162448
12 164306
12 164920
12 164921
12 164922
12 164618
12 164923
12 164924
12 164925
12 164926
12 164927
12 164928
12 164929
12 164930
12 164931
12 164932
12 164933
12 162512
12 164934
12 164935
12 164936
12 164937
12 164938
12 164939
12 164727
12 162626
12 164940
12 162536
12 164941
12 162538
12 164942
12 162545
12 162550
12 164943
12 164305
12 162557
12 162558
12 163368
12 163388
12 164944
12 164945
12 164946
12 162575
12 163873
12 162583
12 162584
12 164947
12 162594
12 164948
12 164949
12 164950
12 164610
12 164463
12 164951
12 164952
12 164953
12 164954
12 162628
12 164152
12 164955
12 164956
12 164439
12 162650
12 162652
12 164957
12 164958
12 164959
12 164960
12 161903
12 163145
12 164961
12 164962
12 162676
12 164963
12 164964
12 164965
12 162681
12 164009
12 163330
12 163773
12 164966
12 164967
12 164968
12 164969
12 162708
12 164970
12 164971
12 162719
12 164972
12 162664
12 163288
12 164973
12 164974
12 164975
12 164976
12 162761
12 164977
12 164978
12 164979
12 164980
12 163860
12 162788
12 163138
12 164516
12 164981
12 164982
12 164983
12 162813
12 164984
12 163245
12 163356
12 164422
12 164985
12 164986
12 164987
12 164988
12 164989
12 164990
12 164991
12 164992
12 162837
12 162840
12 163868
12 162841
12 162843
12 163447
12 164993
12 164994
12 164995
12 164996
12 164997
12 164998
12 164999
12 162896
12 165000
12 164364
12 165001
12 165002
12 165003
12 165004
12 165005
12 165006
12 165007
12 162887
12 165008
12 165009
12 165010
12 165011
12 163837
12 165012
12 165013
12 163466
12 165014
12 165015
12 165016
12 162921
12 162920
12 163121
12 165017
12 162924
12 165018
12 164459
12 165019
12 162933
12 165020
12 165021
12 162947
12 165022
12 165023
12 164031
12 165024
12 162973
12 165025
12 165026
12 164529
12 162987
12 162990
12 165027
12 165028
12 165029
12 165030
12 165031
12 162330
12 163085
12 165032
12 164640
12 162022
12 165033
12 163930
12 163017
12 165034
12 165035
12 165036
12 163025
12 165037
12 165038
12 165039
12 165040
12 164457
12 165041
12 163051
12 165042
12 164614
12 163061
12 165043
12 165044
12 165045
12 165046
12 165047
12 165048
12 165049
12 165050
12 165051
12 165052
12 165053
12 164710
12 165054
12 165055
12 165056
12 165057
12 165058
12 165059
12 163091
12 165060
12 165061
12 162917
12 165062
12 165063
12 165064
12 165065
12 163119
12 165066
12 163062
12 165067
12 165068
12 164623
12 165069
12 165070
12 163136
12 161960
12 165071
12 163353
12 163595
12 165072
12 164166
12 165073
12 162697
12 165074
12 165075
12 165076
12 162268
12 164567
12 165077
12 165078
12 163150
12 165079
12 162857
12 163156
12 165080
12 165081
12 164419
12 165082
12 164360
12 165083
12 165084
12 162478
12 165085
12 165086
12 165087
12 165088
12 165089
12 161899
12 163597
12 165090
12 165091
12 163302
12 165092
12 163184
12 165093
12 165094
12 164697
12 165095
12 165096
12 164356
12 163366
12 163739
12 165097
12 164548
12 165098
12 163206
12 165099
12 165100
12 164622
12 165101
12 163483
12 165102
12 165103
12 165104
12 165105
12 164229
12 165106
12 165107
12 164650
12 165108
12 165109
12 165110
12 163724
12 165111
12 165112
12 164029
12 163075
12 165113
12 165114
12 161904
12 163036
12 165115
12 165116
12 165117
12 165118
12 163222
12 165119
12 165120
12 164149
12 164617
12 164239
12 165121
12 162274
12 162801
12 162297
12 165122
12 165123
12 165124
12 165125
12 165126
12 163293
12 165127
12 165128
12 163314
12 165129
12 162556
12 163765
12 165130
12 165131
12 165132
12 165133
12 165134
12 165135
12 165136
12 165137
12 162255
12 165138
12 163348
12 165139
12 162075
12 163363
12 162691
12 164325
12 165140
12 162930
12 165141
12 165142
12 161938
12 165143
12 165144
12 164273
12 163386
12 165145
12 164064
12 165146
12 165147
12 165148
12 163088
12 164358
12 163394
12 165149
12 163208
12 163397
12 165150
12 165151
12 165152
12 163420
12 163417
12 165153
12 163422
12 165154
12 165155
12 165156
12 163556
12 163623
12 165157
12 165158
12 165159
12 165160
12 165161
12 165162
12 162218
12 163482
12 165163
12 162489
12 163407
12 162278
12 163496
12 165164
12 165165
12 165166
12 164724
12 165167
12 163520
12 165168
12 165169
12 165170
12 163103
12 163101
12 164454
12 165171
12 163544
12 163548
12 163550
12 165172
12 165173
12 165174
12 165175
12 163573
12 163574
12 165176
12 165177
12 165178
12 165179
12 165180
12 165181
12 165182
12 165183
12 165184
12 163598
12 165185
12 165186
12 164564
12 163605
12 162063
12 162848
12 163611
12 165187
12 163612
12 163168
12 162982
12 165188
12 163615
12 165189
12 164343
12 165190
12 162440
12 165191
12 165192
12 165193
12 165194
12 165195
12 163648
12 165196
12 165197
12 163665
12 162462
12 165198
12 162169
12 165199
12 165200
12 163676
12 165201
12 163683
12 163194
12 163687
12 165202
12 165203
12 165204
12 163694
12 165205
12 164703
12 161909
12 163711
12 165206
12 165207
12 165208
12 165209
12 164747
12 162877
12 162097
12 165210
12 165211
12 163722
12 165212
12 162528
12 165213
12 165214
12 165215
12 165216
12 165217
12 163738
12 165218
12 165219
12 163781
12 162852
12 163762
12 165220
12 165221
12 165222
12 165223
12 164198
12 162781
12 165224
12 165225
12 164491
12 163799
12 165226
12 165227
12 165228
12 163811
12 165229
12 164076
12 165230
12 165231
12 165232
12 163834
12 165233
12 164214
12 163847
12 163848
12 165234
12 165235
12 165236
12 162494
12 165237
12 163871
12 162868
12 164630
12 163108
12 162454
12 163276
12 165238
12 163881
12 163882
12 165239
12 165240
12 165241
12 165242
12 163190
12 163313
12 163396
12 165243
12 165244
12 165245
12 165246
12 165247
12 163929
12 165248
12 163942
12 165249
12 165250
12 165251
12 162981
12 165252
12 162593
12 163945
12 165253
12 165254
12 162329
12 165255
12 165256
12 163298
12 163976
12 164709
12 165257
12 165258
12 163824
12 165259
12 165260
12 165261
12 165262
12 165263
12 165264
12 163991
12 165265
12 165266
12 165267
12 165268
12 165269
12 165270
12 164008
12 163295
12 165271
12 165272
12 165273
12 165274
12 165275
12 164032
12 164373
12 162055
12 165276
12 165277
12 162869
12 161915
12 162881
12 165278
12 162734
12 163610
12 165279
12 165280
12 164053
12 165281
12 164055
12 162876
12 165282
12 165283
12 164038
12 164052
12 163763
12 165284
12 163982
12 165285
12 164062
12 164063
12 163144
12 163543
12 164145
12 163777
12 165286
12 164066
12 165287
12 165288
12 165289
12 164077
12 165290
12 165291
12 164423
12 164088
12 164089
12 165292
12 164095
12 165293
12 164101
12 165294
12 162728
12 165295
12 162431
12 165296
12 165297
12 162814
12 165298
12 164162
12 164164
12 164165
12 165299
12 164167
12 165300
12 162076
12 165301
12 165302
12 165303
12 164183
12 165304
12 165305
12 165306
12 165307
12 162079
12 164248
12 165308
12 164011
12 164203
12 165309
12 163159
12 164079
12 165310
12 162630
12 162720
12 164217
12 164218
12 165311
12 165312
12 165313
12 161926
12 163032
12 164242
12 164243
12 165314
12 165315
12 165316
12 165317
12 163430
12 162996
12 165318
12 164256
12 165319
12 165320
12 163798
12 164277
12 165321
12 165322
12 164303
12 165323
12 164430
12 165324
12 164313
12 165325
12 161936
12 161880
12 165326
12 165327
12 165328
12 165329
12 164328
12 165330
12 163104
12 165331
12 165332
12 165333
12 165334
12 165335
12 163966
12 165336
12 165337
12 165338
12 165339
12 165340
12 163981
12 165341
12 163786
12 165342
12 165343
12 163578
12 162051
12 165344
12 164402
12 163706
12 164294
12 165345
12 165346
12 165347
12 165348
12 164460
12 164416
12 165349
12 165350
12 165351
12 163569
12 165352
12 165353
12 164188
12 164462
12 162160
12 165354
12 165355
12 164478
12 165356
12 165357
12 165358
12 165359
12 165360
12 165361
12 165362
12 163964
12 164503
12 165363
12 165364
12 165365
12 165366
12 165367
12 164523
12 164706
12 164754
12 165368
12 165369
12 165370
12 165371
12 165372
12 164546
12 165373
12 165374
12 165375
12 161996
12 162157
12 161913
12 161885
12 165376
12 165377
12 165378
12 163399
12 165379
12 165380
12 165381
12 164571
12 164534
12 165382
12 165383
12 163045
12 165384
12 165385
12 165386
12 165387
12 164615
12 165388
12 165389
12 164574
12 165390
12 164407
12 165391
12 165392
12 165393
12 165394
12 165395
12 164598
12 162756
12 162678
12 165396
12 163345
12 162821
12 163677
12 162379
12 165397
12 162615
12 164117
12 165398
12 164669
12 165399
12 162959
12 162449
12 165400
12 164705
12 164704
12 165401
12 165402
12 165403
12 162146
12 165404
12 162086
12 163227
12 165405
12 164384
12 165406
12 163621
12 165407
12 164740
12 164597
12 165408
12 165409
12 165410
12 165411
12 163046
12 165412
