6 61912
6 61914
6 61915
6 61916
6 61917
6 61918
6 61919
6 62311
6 61920
6 61921
6 61922
6 61923
6 61957
6 61947
6 61924
6 61925
6 61960
6 61927
6 61926
6 61928
6 61929
6 61930
6 61931
6 61932
6 61933
6 61934
6 61935
6 62015
6 61959
6 61946
6 61936
6 61937
6 61938
6 61939
6 61940
6 61941
6 61942
6 61943
6 61944
6 61945
6 62002
6 63045
6 62049
6 62018
6 62543
6 61948
6 62705
6 62452
6 62263
6 61949
6 61950
6 61951
6 61952
6 61953
6 62888
6 61954
6 61955
6 61956
6 62428
6 62369
6 62335
6 62912
6 61958
6 61962
6 61961
6 62397
6 61963
6 62011
6 62186
6 61964
6 62021
6 61979
6 61965
6 62404
6 61966
6 61967
6 63075
6 61968
6 61998
6 61983
6 61969
6 61986
6 61970
6 62621
6 61971
6 61972
6 62079
6 61973
6 62076
6 61974
6 61975
6 61993
6 61976
6 61977
6 61978
6 61980
6 61981
6 61982
6 62400
6 62270
6 62914
6 62024
6 61984
6 61985
6 61987
6 62226
6 61988
6 62579
6 61989
6 61990
6 62161
6 61991
6 61992
6 62053
6 62714
6 61994
6 61997
6 61995
6 61996
6 61999
6 62000
6 62001
6 62003
6 62854
6 62004
6 62402
6 62005
6 62062
6 62224
6 62221
6 63039
6 62113
6 62952
6 62006
6 62798
6 62007
6 62943
6 62010
6 62383
6 62395
6 62008
6 62009
6 62561
6 62012
6 62346
6 62016
6 62013
6 62208
6 62014
6 62050
6 62017
6 62019
6 62020
6 62405
6 62022
6 62023
6 62025
6 62026
6 62027
6 62028
6 62029
6 62030
6 62031
6 62032
6 62176
6 62036
6 62033
6 62034
6 62941
6 62035
6 62081
6 62072
6 62526
6 62546
6 62056
6 62353
6 62370
6 62037
6 62038
6 62039
6 62066
6 62055
6 62354
6 62595
6 62083
6 62041
6 62040
6 62150
6 62042
6 62077
6 62227
6 62043
6 62879
6 62044
6 62045
6 62046
6 62047
6 62048
6 62521
6 62514
6 62051
6 62052
6 62054
6 62057
6 62058
6 62059
6 62309
6 62411
6 62508
6 62060
6 62070
6 62314
6 62061
6 62063
6 62064
6 62065
6 62412
6 62074
6 62067
6 62413
6 62068
6 62290
6 62069
6 62841
6 62680
6 62108
6 62343
6 62071
6 62073
6 62858
6 62686
6 62075
6 62414
6 62078
6 62415
6 62080
6 62238
6 62082
6 62416
6 62084
6 62756
6 62085
6 62086
6 62124
6 62087
6 62088
6 62089
6 62090
6 62091
6 62092
6 62093
6 62094
6 62095
6 62897
6 62099
6 62096
6 62097
6 62098
6 62210
6 62497
6 62100
6 62125
6 62174
6 62151
6 62101
6 62140
6 62105
6 62613
6 62142
6 62102
6 62103
6 62418
6 62118
6 62104
6 62154
6 62421
6 62132
6 62106
6 62107
6 62138
6 62274
6 62166
6 62175
6 62464
6 62109
6 62110
6 62111
6 62112
6 62436
6 62114
6 62115
6 62116
6 62117
6 62143
6 62119
6 62120
6 62121
6 62189
6 62419
6 62122
6 62123
6 62196
6 62126
6 62170
6 63063
6 62129
6 62128
6 62358
6 62127
6 62130
6 62420
6 62131
6 62178
6 63068
6 62205
6 62133
6 62134
6 62135
6 62177
6 62922
6 62136
6 62435
6 62137
6 62139
6 62141
6 62144
6 62422
6 62958
6 62145
6 62146
6 62525
6 62424
6 62834
6 62147
6 62148
6 62440
6 62255
6 62425
6 62155
6 62149
6 62298
6 62724
6 62152
6 62433
6 62153
6 62426
6 62156
6 62157
6 62784
6 62744
6 62158
6 62159
6 62516
6 62484
6 62160
6 62229
6 62364
6 62782
6 62181
6 62162
6 62163
6 62164
6 62429
6 62430
6 62165
6 62619
6 62167
6 62431
6 62432
6 62168
6 62169
6 62487
6 62171
6 62437
6 62438
6 62172
6 62173
6 62439
6 63066
6 62179
6 62180
6 62823
6 62182
6 62183
6 62228
6 62184
6 62185
6 62469
6 62187
6 62442
6 62192
6 62450
6 62188
6 62237
6 62225
6 62190
6 62447
6 62191
6 62443
6 62215
6 62193
6 62194
6 62199
6 62195
6 62234
6 62230
6 62197
6 62198
6 63080
6 62204
6 62200
6 62201
6 62446
6 62202
6 62794
6 62217
6 62448
6 62382
6 62203
6 62206
6 62207
6 62259
6 62702
6 62765
6 62449
6 62209
6 62211
6 62212
6 62213
6 62214
6 62233
6 62216
6 62218
6 62451
6 62219
6 62220
6 62318
6 62240
6 62222
6 62223
6 62786
6 62991
6 62300
6 62231
6 62944
6 62636
6 62232
6 62455
6 62235
6 62445
6 62236
6 62533
6 62849
6 62864
6 62239
6 62280
6 62241
6 62242
6 62243
6 62244
6 62711
6 62245
6 62246
6 62247
6 62248
6 62249
6 62250
6 62278
6 62251
6 62305
6 62276
6 62252
6 62275
6 62261
6 62253
6 62254
6 62256
6 62910
6 62257
6 62258
6 62268
6 62322
6 62457
6 62456
6 62260
6 62281
6 62262
6 62264
6 62265
6 62266
6 62271
6 62285
6 62267
6 62269
6 62599
6 62461
6 63048
6 62678
6 62465
6 62299
6 62460
6 62470
6 62272
6 62273
6 62277
6 62279
6 63020
6 62831
6 62295
6 62532
6 62282
6 62283
6 62284
6 62286
6 62287
6 62288
6 62462
6 62289
6 62740
6 62291
6 62292
6 62293
6 62501
6 63009
6 62294
6 62296
6 62297
6 62585
6 62301
6 62302
6 62303
6 62304
6 62307
6 62308
6 62330
6 62480
6 62306
6 62310
6 62312
6 62313
6 62468
6 62316
6 62315
6 62317
6 62940
6 62319
6 62320
6 62321
6 62707
6 62323
6 63007
6 62324
6 62728
6 62325
6 62471
6 62326
6 62327
6 62328
6 62329
6 62340
6 62331
6 62332
6 62337
6 62333
6 62334
6 62472
6 62476
6 62344
6 62473
6 62478
6 62483
6 62338
6 62477
6 62336
6 62339
6 62727
6 62349
6 63024
6 62342
6 62341
6 62345
6 62347
6 62697
6 62348
6 62350
6 62687
6 62482
6 62351
6 62352
6 62360
6 62355
6 62356
6 62357
6 62837
6 62362
6 62359
6 62373
6 62392
6 62548
6 62630
6 62361
6 62489
6 62861
6 62363
6 62384
6 62970
6 62802
6 62365
6 62466
6 62380
6 62366
6 62388
6 62367
6 62368
6 62996
6 62381
6 62371
6 62485
6 62372
6 62742
6 62374
6 62375
6 62376
6 62377
6 62379
6 62378
6 62486
6 62385
6 62493
6 62386
6 62790
6 63033
6 62890
6 62387
6 62488
6 62626
6 62389
6 62651
6 62984
6 62393
6 62390
6 62391
6 62394
6 62820
6 62859
6 63092
7 61912
7 61914
7 62395
7 61917
7 61918
7 61919
7 61923
7 62311
7 61920
7 61921
7 61922
7 61957
7 61947
7 61924
7 61927
7 61928
7 61929
7 61930
7 61931
7 61932
7 61934
7 62015
7 61959
7 61946
7 61936
7 61937
7 61939
7 61941
7 61943
7 61942
7 62396
7 61944
7 61945
7 62224
7 62049
7 62018
7 62398
7 61940
7 62402
7 63094
7 62226
7 61949
7 62011
7 62543
7 61948
7 62452
7 62002
7 61950
7 61951
7 61953
7 62888
7 61954
7 61955
7 61956
7 62428
7 62369
7 61952
7 62335
7 62912
7 61958
7 62373
7 62397
7 61961
7 61962
7 61963
7 62186
7 61964
7 61979
7 61965
7 62429
7 62404
7 61916
7 61966
7 61933
7 61967
7 63075
7 61984
7 61968
7 61983
7 61969
7 61986
7 62621
7 61971
7 61978
7 61972
7 62079
7 61973
7 62399
7 61974
7 61960
7 61975
7 61993
7 61976
7 61977
7 61980
7 61981
7 61982
7 62400
7 62270
7 62914
7 62024
7 61985
7 61987
7 61988
7 62579
7 61989
7 61990
7 61926
7 62779
7 61938
7 61992
7 62837
7 62714
7 61997
7 62401
7 61996
7 61925
7 61998
7 62987
7 62000
7 62001
7 62003
7 62854
7 62004
7 62005
7 62952
7 62006
7 62798
7 62253
7 62943
7 62010
7 62383
7 62008
7 62403
7 63064
7 62561
7 62969
7 62012
7 62427
7 62016
7 62208
7 62014
7 62076
7 62050
7 62019
7 62906
7 61995
7 62020
7 62405
7 62021
7 62023
7 62025
7 62026
7 62406
7 62027
7 62040
7 62029
7 62030
7 62415
7 62031
7 62032
7 62113
7 62036
7 62047
7 62033
7 62034
7 62035
7 62411
7 62081
7 62072
7 62526
7 62056
7 62353
7 62407
7 62038
7 62408
7 62066
7 62055
7 62042
7 62043
7 62227
7 62044
7 62045
7 62046
7 62409
7 62845
7 62161
7 62048
7 63015
7 62051
7 62052
7 62410
7 62053
7 62054
7 62508
7 62692
7 62070
7 62061
7 62063
7 62077
7 62064
7 62065
7 62412
7 62416
7 62074
7 62067
7 62413
7 62068
7 62290
7 62069
7 62071
7 62841
7 62108
7 62343
7 62075
7 62414
7 62078
7 62080
7 62238
7 62082
7 62514
7 62083
7 62084
7 62443
7 62087
7 62879
7 62085
7 62086
7 62088
7 62090
7 62091
7 62094
7 62095
7 62897
7 62099
7 62097
7 62098
7 62210
7 62129
7 62497
7 62100
7 62125
7 62417
7 62174
7 62101
7 62140
7 62104
7 62105
7 62613
7 62102
7 62103
7 62418
7 62096
7 62150
7 62673
7 62154
7 62151
7 62106
7 62107
7 62138
7 62175
7 62464
7 62110
7 62120
7 62111
7 62436
7 62116
7 62440
7 62118
7 62160
7 62119
7 62121
7 62123
7 62189
7 62419
7 62122
7 62196
7 62124
7 62126
7 63063
7 62132
7 62128
7 62354
7 62127
7 62130
7 62421
7 62420
7 62131
7 62178
7 63068
7 62205
7 62133
7 62115
7 62135
7 62136
7 62435
7 62137
7 62139
7 62141
7 62144
7 62142
7 62422
7 62958
7 62145
7 62473
7 62146
7 62166
7 62423
7 62525
7 62424
7 62834
7 62147
7 62148
7 62425
7 62149
7 62298
7 62134
7 62155
7 62462
7 62721
7 62433
7 62153
7 62426
7 62152
7 62156
7 62157
7 62117
7 63070
7 62158
7 62159
7 62516
7 62484
7 62229
7 62782
7 62163
7 62162
7 62430
7 62164
7 62165
7 62619
7 62167
7 62431
7 62432
7 62434
7 62168
7 62169
7 62520
7 62487
7 62170
7 62171
7 62176
7 62437
7 62438
7 62172
7 62439
7 62660
7 62177
7 62560
7 62179
7 62180
7 62181
7 62823
7 62183
7 62441
7 62184
7 62185
7 62215
7 62469
7 62187
7 62442
7 62188
7 62237
7 62225
7 62221
7 62190
7 62447
7 62191
7 62444
7 62193
7 62194
7 62199
7 62195
7 62234
7 62230
7 62445
7 62197
7 62198
7 63080
7 62204
7 62200
7 62201
7 62446
7 62202
7 62794
7 62217
7 62448
7 62203
7 62207
7 62259
7 62702
7 62637
7 62449
7 62209
7 62212
7 62213
7 62214
7 62233
7 62216
7 62450
7 62451
7 62218
7 62219
7 62220
7 62612
7 62222
7 62223
7 62941
7 62228
7 63066
7 62786
7 62453
7 62672
7 62300
7 62231
7 62944
7 62636
7 62953
7 62454
7 62455
7 62235
7 61991
7 62646
7 62236
7 62211
7 62533
7 62849
7 62848
7 62864
7 62192
7 62239
7 62240
7 62280
7 62241
7 62261
7 62242
7 62243
7 62244
7 62711
7 62246
7 62247
7 62248
7 62250
7 62278
7 62251
7 62305
7 62276
7 62512
7 62264
7 62252
7 62275
7 62254
7 62256
7 62257
7 62258
7 62945
7 62456
7 62268
7 62457
7 62260
7 62281
7 62262
7 62458
7 62265
7 62266
7 62271
7 62285
7 62283
7 62286
7 62267
7 62599
7 62742
7 62269
7 62910
7 62461
7 62459
7 62678
7 62465
7 62299
7 62460
7 62272
7 62273
7 62277
7 62279
7 63020
7 62831
7 62295
7 62292
7 62532
7 62282
7 62284
7 62287
7 62869
7 62288
7 62463
7 62289
7 62876
7 62274
7 62296
7 62293
7 62294
7 62297
7 62585
7 62263
7 62301
7 62303
7 62304
7 62330
7 62306
7 62308
7 62309
7 62466
7 62073
7 62314
7 62310
7 62307
7 62312
7 62467
7 62468
7 62315
7 62316
7 62317
7 62328
7 62940
7 62318
7 62319
7 62320
7 62321
7 62322
7 62707
7 62480
7 62470
7 62324
7 62325
7 62471
7 62326
7 62327
7 62472
7 62329
7 62340
7 62331
7 62332
7 62337
7 62333
7 62334
7 62476
7 62341
7 62344
7 62478
7 62483
7 62338
7 62474
7 62475
7 62477
7 62336
7 62479
7 62339
7 62017
7 62323
7 62349
7 62342
7 62998
7 62481
7 62346
7 62347
7 62697
7 62348
7 62350
7 62482
7 62390
7 62351
7 62364
7 62037
7 62355
7 62356
7 62357
7 62358
7 62359
7 62392
7 62548
7 62630
7 62360
7 62389
7 62489
7 62382
7 62363
7 62384
7 62970
7 62802
7 62365
7 62618
7 62366
7 62380
7 62370
7 62367
7 62368
7 62996
7 62371
7 62485
7 62374
7 62376
7 62377
7 62379
7 62378
7 62486
7 62385
7 62493
7 62386
7 62790
7 63033
7 62890
7 62387
7 62488
7 62381
7 62529
7 62626
7 62887
7 62388
7 62603
7 62651
7 62393
7 62391
7 62394
7 62820
7 62859
7 63092
7 62490
7 62491
7 62492
7 62546
7 62494
7 62495
7 62496
7 62498
7 62499
7 62500
7 62544
7 62513
7 62536
7 62521
7 62501
7 62503
7 62502
7 62504
7 62505
7 62506
7 62507
7 62538
7 62509
7 62510
7 62511
7 62736
7 62515
7 62964
7 62517
7 62518
7 62523
7 62519
7 62528
7 62938
7 62824
7 63032
7 62530
7 62522
7 62524
7 62039
7 62527
7 62804
7 62531
7 62718
7 63043
7 62883
7 62534
7 62535
7 62537
7 62540
7 62971
7 62539
7 62541
7 62542
7 62545
7 62547
7 62549
7 62550
7 62551
7 62552
7 62555
7 62553
7 62554
7 62557
7 62559
7 63030
7 62865
7 62563
7 62556
7 62558
7 62566
7 62562
7 62564
7 62565
7 62568
7 62569
7 62567
7 62571
7 62570
7 63025
7 63024
7 62575
7 62572
7 62665
7 62573
7 62574
7 62669
7 62746
7 62576
7 62577
7 62851
7 62578
7 62580
7 62581
7 62582
7 62583
7 62584
7 62586
7 62587
7 62588
7 62601
7 62589
7 62590
7 62595
7 62591
7 62592
7 62593
7 62598
7 62594
7 62809
7 62596
7 62597
7 62947
7 62600
7 62602
7 62604
7 62605
7 62606
7 62607
7 62962
7 62620
7 62608
7 62609
7 62922
7 62842
7 62610
7 62611
7 62614
7 62615
7 62627
7 62616
7 62617
7 62838
7 62622
7 62623
7 62624
7 62631
7 62629
7 62628
7 62625
7 62664
7 62872
7 62632
7 62905
7 62878
7 62635
7 62633
7 62634
7 63083
7 62638
7 62641
7 62652
7 62677
7 62639
7 62640
7 62642
7 62653
7 62643
7 62644
7 62671
7 62645
7 62655
7 62647
7 62699
7 62648
7 62649
7 62688
7 62650
7 62700
7 62663
7 62654
7 62670
7 62693
7 62991
7 62657
7 63090
7 62684
7 62656
7 62659
7 62661
7 62658
7 62706
7 62676
7 62662
7 62666
7 62667
7 63009
7 62668
7 62814
7 62680
7 63042
7 62772
7 62674
7 62675
7 63095
7 62679
7 62681
7 62682
7 62691
7 62683
7 62780
7 62685
7 62686
7 62687
7 62689
7 62690
7 62754
7 62694
7 62695
7 62696
7 62870
7 62988
7 62698
7 62058
7 62701
7 62704
7 62705
7 62703
7 62708
7 62709
7 62710
7 62712
7 62713
7 62722
7 62715
7 62727
7 62716
7 62717
7 62719
7 62739
7 62720
7 62723
7 62724
7 62725
7 62726
7 62750
7 62728
7 62745
7 62729
7 62730
7 62812
7 62731
7 63028
7 62732
7 62733
7 62734
7 62735
7 62904
7 62737
7 62738
7 62753
7 62740
7 62909
7 62752
7 62741
7 63041
7 62748
7 62751
7 62743
7 62744
7 62255
7 62747
7 62789
7 62749
7 62756
7 62755
7 62778
7 62757
7 62758
7 62918
7 62759
7 62760
7 62761
7 62762
7 62766
7 62763
7 62764
7 62765
7 62767
7 62768
7 62173
7 62769
7 62770
7 62771
7 62781
7 62773
7 62774
7 62777
7 62775
7 62776
7 63091
7 62143
7 62783
7 62784
7 62785
7 62787
7 62788
7 62791
7 62792
7 62793
7 61994
7 62805
7 62795
7 63005
7 62796
7 62797
7 62799
7 62843
7 62800
7 62801
7 63012
7 62835
7 62803
7 62808
7 62815
7 62844
7 62807
7 61999
7 62813
7 62806
7 62833
7 62822
7 63049
7 62836
7 62810
7 62811
7 62818
7 62816
7 62817
7 62819
7 62840
7 62821
7 62867
7 62825
7 62830
7 62826
7 62827
7 62828
7 62829
7 62850
7 63078
7 63048
7 62832
7 62846
7 62839
7 63062
7 62847
7 63076
7 62009
7 62852
7 62886
7 62853
7 62855
7 62861
7 62894
7 62856
7 62982
7 62857
7 62863
7 62858
7 62866
7 62880
7 62860
7 62985
7 62862
7 62868
7 62873
7 62871
7 62974
7 62874
7 62877
7 62928
7 62875
7 62881
7 62882
7 62884
7 62885
7 62893
7 62936
7 63055
7 63038
7 62889
7 62891
7 62892
7 62895
7 62896
7 62898
7 62899
7 62900
7 62901
7 62934
7 62902
7 62903
7 62937
7 62968
7 62907
7 62908
7 62913
7 62911
7 62917
7 62915
7 62949
7 62916
7 62931
7 62919
7 62921
7 62926
7 62920
7 62923
7 62924
7 62925
7 63060
7 62927
7 62930
7 62929
7 62960
7 62932
7 62933
7 62966
7 62935
7 62956
7 62939
7 62942
7 62946
7 62948
7 62950
7 62951
7 62973
7 62981
7 62954
7 62957
7 62955
7 62959
7 62980
7 62961
7 62963
7 63059
7 62978
7 62965
7 62232
7 62967
7 62975
7 62092
7 63023
7 62972
7 63047
7 62976
7 62977
7 62979
7 62062
7 62983
7 62984
7 62986
7 62999
7 62989
7 62990
7 62992
7 63026
7 63016
7 62993
7 62994
7 62995
7 63014
7 63001
7 62997
7 63000
7 63010
7 63002
7 63003
7 63004
7 63008
7 63006
7 63007
7 63011
7 63040
7 63013
7 63017
7 63018
7 63019
7 63021
7 63022
7 63039
7 63027
7 63036
7 63029
7 63031
7 63034
7 63035
7 63069
7 63037
7 63044
7 63045
7 63046
7 63054
7 63051
7 63050
7 63052
7 63053
7 63056
7 63058
7 63057
7 63061
7 63065
7 63067
7 63072
7 63071
7 63073
7 63074
7 63081
7 63082
7 63077
7 63079
7 63084
7 62361
7 63085
7 63086
7 63087
7 63088
7 63089
7 63097
7 63093
7 63096
7 63098
