13 0
13 1
13 2
13 3
13 4
13 5
13 6
13 7
13 8
13 9
13 10
13 11
13 12
13 13
13 14
13 15
13 16
13 17
13 18
13 19
13 20
13 21
13 22
13 23
13 24
13 25
13 26
13 27
13 28
13 29
13 30
13 31
13 32
13 33
13 34
13 35
13 36
13 37
13 38
13 39
13 40
13 41
13 42
13 43
13 44
13 45
13 46
13 47
13 48
13 49
13 50
13 51
13 52
13 53
13 54
13 55
13 56
13 57
13 58
13 59
13 60
13 61
13 62
13 63
13 64
13 65
13 66
13 67
13 68
13 69
13 70
13 71
13 72
13 73
13 74
13 75
13 76
13 77
13 78
13 79
13 80
13 81
13 82
13 83
13 84
13 85
13 86
13 87
13 88
13 89
13 90
13 91
13 92
13 93
13 94
13 95
13 96
13 97
13 98
13 99
13 100
13 101
13 102
13 103
13 104
13 105
13 106
13 107
13 108
13 109
13 110
13 111
13 112
13 113
13 114
13 115
13 116
13 117
13 118
13 119
13 120
13 121
13 122
13 123
13 124
13 125
13 126
13 127
13 128
13 129
13 130
13 131
13 132
13 133
13 134
13 135
13 136
13 137
13 138
13 139
13 140
13 141
13 142
13 143
13 144
13 145
13 146
13 147
13 148
13 149
13 150
13 151
13 152
13 153
13 154
13 155
13 156
13 157
13 158
13 159
13 160
13 161
13 162
13 163
13 164
13 165
13 166
13 167
13 168
13 169
13 170
13 171
13 172
13 173
13 174
13 175
13 176
13 177
13 178
13 179
13 180
13 181
13 182
13 183
13 184
13 185
13 186
13 187
13 188
13 189
13 190
13 191
13 192
13 193
13 194
13 195
13 196
13 197
13 198
13 199
13 200
13 201
13 202
13 203
13 204
13 205
13 206
13 207
13 208
13 209
13 210
13 211
13 212
13 213
13 214
13 215
13 216
13 217
13 218
13 219
13 220
13 221
13 222
13 223
13 224
13 225
13 226
13 227
13 228
13 229
13 230
13 231
13 232
13 233
13 234
13 235
13 236
13 237
13 238
13 239
13 240
13 241
13 242
13 243
13 244
13 245
13 246
13 247
13 248
13 249
13 250
13 251
13 252
13 253
13 254
13 255
13 256
13 257
13 258
13 259
13 260
13 261
13 262
13 263
13 264
13 265
13 266
13 267
13 268
13 269
13 270
13 271
13 272
13 273
13 274
13 275
13 276
13 277
13 278
13 279
13 280
13 281
13 282
13 283
13 284
13 285
13 286
13 287
13 288
13 289
13 290
13 291
13 292
13 293
13 294
13 295
13 296
13 297
13 298
13 299
13 300
13 301
13 302
13 303
13 304
13 305
13 306
13 307
13 308
13 309
13 310
13 311
13 312
13 313
13 314
13 315
13 316
13 317
13 318
13 319
13 320
13 321
13 322
13 323
13 324
13 325
13 326
13 327
13 328
13 329
13 330
13 331
13 332
13 333
13 334
13 335
13 336
13 337
13 338
13 339
13 340
13 341
13 342
13 343
13 344
13 345
13 346
13 347
13 348
13 349
13 350
13 351
13 352
13 353
13 354
13 355
13 356
13 357
13 358
13 359
13 360
13 361
13 362
13 363
13 364
13 365
13 366
13 367
13 368
13 369
13 370
13 371
13 372
13 373
13 374
13 375
13 376
13 377
13 378
13 379
13 380
13 381
13 382
13 383
13 384
13 385
13 386
13 387
13 388
13 389
13 390
13 391
13 392
13 393
13 394
13 395
13 396
13 397
13 398
13 399
13 400
13 401
13 402
13 403
13 404
13 405
13 406
13 407
13 408
13 409
13 410
13 411
13 412
13 413
13 414
13 415
13 416
13 417
13 418
13 419
13 420
13 421
13 422
13 423
13 424
13 425
13 426
13 427
13 428
13 429
13 430
13 431
13 432
13 433
13 434
13 435
13 436
13 437
13 438
13 439
13 440
13 441
13 442
13 443
13 444
13 445
13 446
13 447
13 448
13 449
13 450
13 451
13 452
13 453
13 454
13 455
13 456
13 457
13 458
13 459
13 460
13 461
13 462
13 463
13 464
13 465
13 466
13 467
13 468
13 469
13 470
13 471
13 472
13 473
13 474
13 475
13 476
13 477
13 478
13 479
13 480
13 481
13 482
13 483
13 484
13 485
13 486
13 487
13 488
13 489
13 490
13 491
13 492
13 493
13 494
13 495
13 496
13 497
13 498
13 499
13 500
13 501
13 502
13 503
13 504
13 505
13 506
13 507
13 508
13 509
13 510
13 511
13 512
13 513
13 514
13 515
13 516
13 517
13 518
13 519
13 520
13 521
13 522
13 523
13 524
13 525
13 526
13 527
13 528
13 529
13 530
13 531
13 532
13 533
13 534
13 535
13 536
13 537
13 538
13 539
13 540
13 541
13 542
13 543
13 544
13 545
13 546
13 547
13 548
13 549
13 550
13 551
13 552
13 553
13 554
13 555
13 556
13 557
13 558
13 559
13 560
13 561
13 562
13 563
13 564
13 565
13 566
13 567
13 568
13 569
13 570
13 571
13 572
13 573
13 574
13 575
13 576
13 577
13 578
13 579
13 580
13 581
13 582
13 583
13 584
13 585
13 586
13 587
13 588
13 589
13 590
13 591
13 592
13 593
13 594
13 595
13 596
13 597
13 598
13 599
13 600
13 601
13 602
13 603
13 604
13 605
13 606
13 607
13 608
13 609
13 610
13 611
13 612
13 613
13 614
13 615
13 616
13 617
13 618
13 619
13 620
13 621
13 622
13 623
13 624
13 625
13 626
13 627
13 628
13 629
13 630
13 631
13 632
13 633
13 634
13 635
13 636
13 637
13 638
13 639
13 640
13 641
13 642
13 643
13 644
13 645
13 646
13 647
13 648
13 649
13 650
13 651
13 652
13 653
13 654
13 655
13 656
13 657
13 658
13 659
13 660
13 661
13 662
13 663
13 664
13 665
13 666
13 667
13 668
13 669
13 670
13 671
13 672
13 673
13 674
13 675
13 676
13 677
13 678
13 679
13 680
13 681
13 682
13 683
13 684
13 685
13 686
13 687
13 688
13 689
13 690
13 691
13 692
13 693
13 694
13 695
13 696
13 697
13 698
13 699
13 700
13 701
13 702
13 703
13 704
13 705
13 706
13 707
13 708
13 709
13 710
13 711
13 712
13 713
13 714
13 715
13 716
13 717
13 718
13 719
13 720
13 721
13 722
13 723
13 724
13 725
13 726
13 727
13 728
13 729
13 730
13 731
13 732
13 733
13 734
13 735
13 736
13 737
13 738
13 739
13 740
13 741
13 742
13 743
13 744
13 745
13 746
13 747
13 748
13 749
13 750
13 751
13 752
13 753
13 754
13 755
13 756
13 757
13 758
13 759
13 760
13 761
13 762
13 763
13 764
13 765
13 766
13 767
13 768
13 769
13 770
13 771
13 772
13 773
13 774
13 775
13 776
13 777
13 778
13 779
13 780
13 781
13 782
13 783
13 784
13 785
13 786
13 787
13 788
13 789
13 790
13 791
13 792
13 793
13 794
13 795
13 796
13 797
13 798
13 799
13 800
13 801
13 802
13 803
13 804
13 805
13 806
13 807
13 808
13 809
13 810
13 811
13 812
13 813
13 814
13 815
13 816
13 817
13 818
13 819
13 820
13 821
13 822
13 823
13 824
13 825
13 826
13 827
13 828
13 829
13 830
13 831
13 832
13 833
13 834
13 835
13 836
13 837
13 838
13 839
13 840
13 841
13 842
13 843
13 844
13 845
13 846
13 847
13 848
13 849
13 850
13 851
13 852
13 853
13 854
13 855
13 856
13 857
13 858
13 859
13 860
13 861
13 862
13 863
13 864
13 865
13 866
13 867
13 868
13 869
13 870
13 871
13 872
13 873
13 874
13 875
13 876
13 877
13 878
13 879
13 880
13 881
13 882
13 883
13 884
13 885
13 886
13 887
13 888
13 889
13 890
13 891
13 892
13 893
13 894
13 895
13 896
13 897
13 898
13 899
13 900
13 901
13 902
13 903
13 904
13 905
13 906
13 907
13 908
13 909
13 910
13 911
13 912
13 913
13 914
13 915
13 916
13 917
13 918
13 919
13 920
13 921
13 922
13 923
13 924
13 925
13 926
13 927
13 928
13 929
13 930
13 931
13 932
13 933
13 934
13 935
13 936
13 937
13 938
13 939
13 940
13 941
13 942
13 943
13 944
13 945
13 946
13 947
13 948
13 949
13 950
13 951
13 952
13 953
13 954
13 955
13 956
13 957
13 958
13 959
13 960
13 961
13 962
13 963
13 964
13 965
13 966
13 967
13 968
13 969
13 970
13 971
13 972
13 973
13 974
13 975
13 976
13 977
13 978
13 979
13 980
13 981
13 982
13 983
13 984
13 985
13 986
13 987
13 988
13 989
13 990
13 991
13 992
13 993
13 994
13 995
13 996
13 997
13 998
13 999
13 1000
13 1001
13 1002
13 1003
13 1004
13 1005
13 1006
13 1007
13 1008
13 1009
13 1010
13 1011
13 1012
13 1013
13 1014
13 1015
13 1016
13 1017
13 1018
13 1019
13 1020
13 1021
13 1022
13 1023
13 1024
13 1025
13 1026
13 1027
13 1028
13 1029
13 1030
13 1031
13 1032
13 1033
13 1034
13 1035
13 1036
13 1037
13 1038
13 1039
13 1040
13 1041
13 1042
13 1043
13 1044
13 1045
13 1046
13 1047
13 1048
13 1049
13 1050
13 1051
13 1052
13 1053
13 1054
13 1055
13 1056
13 1057
13 1058
13 1059
13 1060
13 1061
13 1062
13 1063
13 1064
13 1065
13 1066
13 1067
13 1068
13 1069
13 1070
13 1071
13 1072
13 1073
13 1074
13 1075
13 1076
13 1077
13 1078
13 1079
13 1080
13 1081
13 1082
13 1083
13 1084
13 1085
13 1086
13 1087
13 1088
13 1089
13 1090
13 1091
13 1092
13 1093
13 1094
13 1095
13 1096
13 1097
13 1098
13 1099
13 1100
13 1101
13 1102
13 1103
13 1104
13 1105
13 1106
13 1107
13 1108
13 1109
13 1110
13 1111
13 1112
13 1113
13 1114
13 1115
13 1116
13 1117
13 1118
13 1119
13 1120
13 1121
13 1122
13 1123
13 1124
13 1125
13 1126
13 1127
13 1128
13 1129
13 1130
13 1131
13 1132
13 1133
13 1134
13 1135
13 1136
13 1137
13 1138
13 1139
13 1140
13 1141
13 1142
13 1143
13 1144
13 1145
13 1146
13 1147
13 1148
13 1149
13 1150
13 1151
13 1152
13 1153
13 1154
13 1155
13 1156
13 1157
13 1158
13 1159
13 1160
13 1161
13 1162
13 1163
13 1164
13 1165
13 1166
13 1167
13 1168
13 1169
13 1170
13 1171
13 1172
13 1173
13 1174
13 1175
13 1176
13 1177
13 1178
13 1179
13 1180
13 1181
13 1182
13 1183
13 1184
13 1185
13 1186
13 1187
13 1188
13 1189
13 1190
13 1191
13 1192
13 1193
13 1194
14 0
14 1
14 2
14 1195
14 4
14 1196
14 6
14 7
14 8
14 1197
14 1198
14 1199
14 1200
14 13
14 1201
14 15
14 1202
14 17
14 18
14 1203
14 20
14 1204
14 22
14 1205
14 1206
14 25
14 1207
14 27
14 28
14 29
14 30
14 31
14 32
14 1208
14 1209
14 35
14 1210
14 37
14 38
14 39
14 40
14 1211
14 1212
14 1213
14 1214
14 45
14 1215
14 1216
14 48
14 49
14 1217
14 51
14 52
14 53
14 54
14 1218
14 56
14 57
14 58
14 59
14 60
14 61
14 1219
14 63
14 64
14 65
14 1220
14 67
14 1221
14 69
14 1222
14 1223
14 1224
14 1225
14 1226
14 75
14 1227
14 1228
14 78
14 79
14 80
14 1229
14 1230
14 83
14 1231
14 1232
14 86
14 87
14 88
14 1233
14 90
14 91
14 1234
14 1235
14 94
14 95
14 96
14 1236
14 98
14 1237
14 100
14 101
14 1238
14 103
14 1239
14 1240
14 1241
14 107
14 1242
14 1243
14 1244
14 111
14 1245
14 1246
14 1247
14 115
14 1248
14 1249
14 1250
14 119
14 1251
14 121
14 122
14 123
14 124
14 1252
14 1253
14 1254
14 128
14 1255
14 1256
14 1257
14 1258
14 1259
14 134
14 135
14 136
14 137
14 1260
14 139
14 1261
14 1262
14 1263
14 1264
14 144
14 145
14 1265
14 1266
14 148
14 1267
14 150
14 151
14 1268
14 1269
14 1270
14 1271
14 1272
14 157
14 158
14 159
14 160
14 161
14 162
14 1273
14 1274
14 165
14 166
14 1275
14 168
14 169
14 170
14 171
14 1276
14 1277
14 174
14 175
14 1278
14 1279
14 178
14 1280
14 1281
14 181
14 182
14 1282
14 184
14 185
14 1283
14 1284
14 1285
14 189
14 1286
14 1287
14 1288
14 193
14 1289
14 1290
14 1291
14 1292
14 1293
14 1294
14 1295
14 1296
14 202
14 1297
14 204
14 1298
14 1299
14 1300
14 208
14 1301
14 1302
14 1303
14 1304
14 213
14 1305
14 215
14 216
14 1306
14 1307
14 219
14 220
14 1308
14 1309
14 1310
14 1311
14 1312
14 226
14 1313
14 228
14 229
14 230
14 1314
14 232
14 1315
14 234
14 235
14 236
14 1316
14 1317
14 1318
14 240
14 1319
14 1320
14 1321
14 1322
14 1323
14 1324
14 247
14 1325
14 1326
14 1327
14 251
14 252
14 253
14 1328
14 1329
14 1330
14 257
14 258
14 1331
14 1332
14 261
14 1333
14 1334
14 1335
14 1336
14 1337
14 267
14 1338
14 269
14 1339
14 1340
14 272
14 1341
14 274
14 275
14 276
14 1342
14 1343
14 1344
14 1345
14 1346
14 282
14 1347
14 284
14 285
14 1348
14 1349
14 288
14 289
14 290
14 1350
14 1351
14 1352
14 1353
14 295
14 1354
14 297
14 1355
14 1356
14 300
14 301
14 302
14 303
14 304
14 305
14 306
14 307
14 308
14 309
14 310
14 1357
14 1358
14 313
14 1359
14 315
14 316
14 1360
14 1361
14 1362
14 320
14 1363
14 322
14 1364
14 1365
14 1366
14 1367
14 1368
14 328
14 1369
14 1370
14 1371
14 332
14 333
14 1372
14 1373
14 1374
14 1375
14 1376
14 1377
14 340
14 341
14 342
14 1378
14 1379
14 345
14 1380
14 1381
14 348
14 1382
14 1383
14 1384
14 1385
14 1386
14 1387
14 1388
14 1389
14 1390
14 1391
14 1392
14 1393
14 1394
14 362
14 1395
14 1396
14 365
14 1397
14 1398
14 1399
14 369
14 1400
14 371
14 1401
14 373
14 1402
14 375
14 1403
14 1404
14 1405
14 1406
14 1407
14 1408
14 1409
14 383
14 1410
14 385
14 1411
14 1412
14 1413
14 389
14 390
14 1414
14 392
14 393
14 394
14 395
14 1415
14 1416
14 1417
14 399
14 1418
14 401
14 402
14 403
14 1419
14 1420
14 406
14 407
14 408
14 409
14 410
14 411
14 1421
14 413
14 414
14 1422
14 1423
14 417
14 1424
14 419
14 1425
14 421
14 1426
14 423
14 1427
14 1428
14 426
14 427
14 428
14 1429
14 1430
14 431
14 432
14 433
14 1431
14 1432
14 436
14 1433
14 1434
14 439
14 440
14 1435
14 442
14 1436
14 444
14 445
14 1437
14 447
14 448
14 1438
14 450
14 451
14 1439
14 1440
14 454
14 455
14 1441
14 457
14 1442
14 1443
14 1444
14 1445
14 1446
14 1447
14 464
14 465
14 1448
14 1449
14 468
14 1450
14 470
14 1451
14 1452
14 1453
14 1454
14 1455
14 476
14 477
14 1456
14 1457
14 480
14 481
14 1458
14 483
14 484
14 1459
14 486
14 1460
14 488
14 1461
14 1462
14 491
14 492
14 493
14 494
14 1463
14 496
14 1464
14 498
14 499
14 500
14 501
14 1465
14 503
14 504
14 505
14 506
14 1466
14 1467
14 509
14 1468
14 511
14 1469
14 513
14 514
14 515
14 1470
14 517
14 1471
14 519
14 1472
14 1473
14 1474
14 523
14 524
14 1475
14 526
14 1476
14 528
14 529
14 530
14 1477
14 532
14 1478
14 534
14 1479
14 1480
14 537
14 538
14 539
14 1481
14 1482
14 542
14 543
14 1483
14 545
14 1484
14 547
14 548
14 1485
14 1486
14 1487
14 1488
14 553
14 1489
14 1490
14 1491
14 1492
14 1493
14 559
14 560
14 1494
14 1495
14 1496
14 1497
14 1498
14 1499
14 1500
14 568
14 569
14 1501
14 1502
14 572
14 1503
14 574
14 575
14 576
14 577
14 1504
14 1505
14 580
14 581
14 1506
14 1507
14 584
14 1508
14 586
14 1509
14 1510
14 589
14 1511
14 1512
14 592
14 1513
14 594
14 595
14 1514
14 1515
14 598
14 1516
14 1517
14 1518
14 1519
14 1520
14 1521
14 605
14 1522
14 1523
14 608
14 609
14 1524
14 1525
14 1526
14 1527
14 1528
14 615
14 616
14 1529
14 618
14 619
14 620
14 1530
14 622
14 623
14 624
14 625
14 626
14 627
14 1531
14 629
14 630
14 1532
14 1533
14 1534
14 1535
14 635
14 636
14 1536
14 1537
14 1538
14 640
14 641
14 642
14 643
14 1539
14 645
14 1540
14 647
14 648
14 649
14 1541
14 1542
14 652
14 1543
14 654
14 655
14 1544
14 1545
14 1546
14 659
14 1547
14 1548
14 1549
14 663
14 1550
14 665
14 666
14 667
14 668
14 1551
14 1552
14 671
14 1553
14 1554
14 1555
14 675
14 676
14 677
14 1556
14 679
14 680
14 681
14 1557
14 1558
14 1559
14 685
14 686
14 1560
14 1561
14 689
14 690
14 691
14 692
14 693
14 1562
14 695
14 696
14 1563
14 698
14 699
14 1564
14 1565
14 702
14 1566
14 704
14 705
14 706
14 707
14 1567
14 1568
14 1569
14 1570
14 1571
14 713
14 1572
14 1573
14 716
14 717
14 718
14 1574
14 720
14 1575
14 1576
14 723
14 724
14 725
14 1577
14 1578
14 728
14 729
14 1579
14 1580
14 1581
14 1582
14 734
14 1583
14 1584
14 1585
14 1586
14 1587
14 1588
14 1589
14 1590
14 1591
14 1592
14 1593
14 1594
14 1595
14 1596
14 1597
14 1598
14 1599
14 1600
14 1601
14 1602
14 1603
14 1604
14 1605
14 1606
14 1607
14 760
14 761
14 762
14 763
14 764
14 765
14 766
14 767
14 768
14 769
14 770
14 771
14 1608
14 1609
14 774
14 775
14 776
14 1610
14 1611
14 779
14 1612
14 1613
14 782
14 1614
14 784
14 785
14 1615
14 787
14 788
14 789
14 1616
14 791
14 792
14 1617
14 1618
14 795
14 1619
14 797
14 1620
14 1621
14 800
14 801
14 802
14 803
14 804
14 1622
14 806
14 1623
14 1624
14 1625
14 810
14 811
14 812
14 813
14 814
14 815
14 1626
14 1627
14 818
14 819
14 820
14 1628
14 1629
14 1630
14 1631
14 1632
14 826
14 827
14 828
14 829
14 830
14 1633
14 832
14 833
14 1634
14 835
14 1635
14 1636
14 838
14 1637
14 1638
14 1639
14 1640
14 843
14 1641
14 845
14 846
14 847
14 1642
14 849
14 1643
14 1644
14 1645
14 1646
14 854
14 855
14 856
14 1647
14 858
14 859
14 1648
14 1649
14 1650
14 1651
14 1652
14 1653
14 1654
14 867
14 868
14 1655
14 1656
14 1657
14 1658
14 873
14 874
14 1659
14 1660
14 1661
14 878
14 879
14 880
14 1662
14 1663
14 1664
14 1665
14 1666
14 1667
14 1668
14 888
14 1669
14 1670
14 891
14 1671
14 893
14 894
14 1672
14 1673
14 1674
14 898
14 1675
14 1676
14 1677
14 1678
14 903
14 904
14 1679
14 1680
14 1681
14 908
14 1682
14 910
14 911
14 1683
14 913
14 914
14 1684
14 1685
14 1686
14 1687
14 1688
14 1689
14 1690
14 922
14 1691
14 1692
14 925
14 1693
14 927
14 1694
14 929
14 930
14 931
14 932
14 1695
14 934
14 935
14 936
14 1696
14 938
14 939
14 1697
14 1698
14 1699
14 943
14 1700
14 945
14 1701
14 1702
14 1703
14 949
14 1704
14 951
14 1705
14 1706
14 1707
14 955
14 1708
14 1709
14 1710
14 959
14 1711
14 1712
14 962
14 1713
14 964
14 965
14 966
14 1714
14 1715
14 1716
14 970
14 1717
14 972
14 1718
14 1719
14 1720
14 976
14 1721
14 1722
14 1723
14 1724
14 981
14 982
14 1725
14 984
14 1726
14 986
14 987
14 988
14 1727
14 990
14 991
14 1728
14 1729
14 994
14 995
14 1730
14 1731
14 998
14 1732
14 1000
14 1733
14 1734
14 1735
14 1736
14 1005
14 1006
14 1737
14 1738
14 1009
14 1010
14 1011
14 1012
14 1013
14 1014
14 1739
14 1016
14 1017
14 1740
14 1741
14 1020
14 1742
14 1022
14 1023
14 1743
14 1744
14 1745
14 1746
14 1028
14 1747
14 1030
14 1748
14 1749
14 1750
14 1751
14 1752
14 1036
14 1037
14 1753
14 1039
14 1040
14 1754
14 1755
14 1756
14 1757
14 1045
14 1046
14 1758
14 1759
14 1760
14 1761
14 1051
14 1052
14 1053
14 1762
14 1763
14 1764
14 1057
14 1765
14 1766
14 1767
14 1061
14 1062
14 1768
14 1064
14 1065
14 1066
14 1067
14 1068
14 1069
14 1769
14 1071
14 1072
14 1770
14 1771
14 1075
14 1772
14 1077
14 1773
14 1774
14 1080
14 1081
14 1775
14 1776
14 1777
14 1085
14 1778
14 1779
14 1088
14 1089
14 1780
14 1781
14 1782
14 1783
14 1784
14 1785
14 1096
14 1786
14 1098
14 1099
14 1100
14 1787
14 1788
14 1789
14 1790
14 1791
14 1792
14 1793
14 1794
14 1795
14 1796
14 1797
14 1798
14 1799
14 1800
14 1801
14 1802
14 1803
14 1804
14 1805
14 1806
14 1807
14 1808
14 1123
14 1124
14 1125
14 1126
14 1127
14 1128
14 1129
14 1130
14 1131
14 1132
14 1133
14 1134
14 1135
14 1136
14 1137
14 1138
14 1139
14 1809
14 1810
14 1811
14 1812
14 1813
14 1145
14 1146
14 1147
14 1148
14 1814
14 1815
14 1816
14 1152
14 1817
14 1818
14 1819
14 1820
14 1821
14 1822
14 1823
14 1824
14 1825
14 1826
14 1163
14 1827
14 1165
14 1828
14 1829
14 1168
14 1169
14 1170
14 1171
14 1172
14 1173
14 1830
14 1831
14 1832
14 1177
14 1178
14 1833
14 1180
14 1834
14 1182
14 1183
14 1184
14 1185
14 1835
14 1836
14 1188
14 1189
14 1837
14 1191
14 1192
14 1838
14 1194
