11 0
11 1
11 2
11 3
11 4
11 5
11 6
11 7
11 8
11 9
11 10
11 11
11 12
11 13
11 14
11 15
11 16
11 17
11 18
11 19
11 20
11 21
11 22
11 23
11 24
11 25
11 26
11 27
11 28
11 29
11 30
11 31
11 32
11 33
11 34
11 35
11 36
11 37
11 38
11 39
11 40
11 41
11 42
11 43
11 44
11 45
11 46
11 47
11 48
11 49
11 50
11 51
11 52
11 53
11 54
11 55
11 56
11 57
11 58
11 59
11 60
11 61
11 62
11 63
11 64
11 65
11 66
11 67
11 68
11 69
11 70
11 71
11 72
11 73
11 74
11 75
11 76
11 77
11 78
11 79
11 80
11 81
11 82
11 83
11 84
11 85
11 86
11 87
11 88
11 89
11 90
11 91
11 92
11 93
11 94
11 95
11 96
11 97
11 98
11 99
11 100
11 101
11 102
11 103
11 104
11 105
11 106
11 107
11 108
11 109
11 110
11 111
11 112
11 113
11 114
11 115
11 116
11 117
11 118
11 119
11 120
11 121
11 122
11 123
11 124
11 125
11 126
11 127
11 128
11 129
11 130
11 131
11 132
11 133
11 134
11 135
11 136
11 137
11 138
11 139
11 140
11 141
11 142
11 143
11 144
11 145
11 146
11 147
11 148
11 149
11 150
11 151
11 152
11 153
11 154
11 155
11 156
11 157
11 158
11 159
11 160
11 161
11 162
11 163
11 164
11 165
11 166
11 167
11 168
11 169
11 170
11 171
11 172
11 173
11 174
11 175
11 176
11 177
11 178
11 179
11 180
11 181
11 182
11 183
11 184
11 185
11 186
11 187
11 188
11 189
11 190
11 191
11 192
11 193
11 194
11 195
11 196
11 197
11 198
11 199
11 200
11 201
11 202
11 203
11 204
11 205
11 206
11 207
11 208
11 209
11 210
11 211
11 212
11 213
11 214
11 215
11 216
11 217
11 218
11 219
11 220
11 221
11 222
11 223
11 224
11 225
11 226
11 227
11 228
11 229
11 230
11 231
11 232
11 233
11 234
11 235
11 236
11 237
11 238
11 239
11 240
11 241
11 242
11 243
11 244
11 245
11 246
11 247
11 248
11 249
11 250
11 251
11 252
11 253
11 254
11 255
11 256
11 257
11 258
11 259
11 260
11 261
11 262
11 263
11 264
11 265
11 266
11 267
11 268
11 269
11 270
11 271
11 272
11 273
11 274
11 275
11 276
11 277
11 278
11 279
11 280
11 281
11 282
11 283
11 284
11 285
11 286
11 287
11 288
11 289
11 290
11 291
11 292
11 293
11 294
11 295
11 296
11 297
11 298
11 299
11 300
11 301
11 302
11 303
11 304
11 305
11 306
11 307
11 308
11 309
11 310
11 311
11 312
11 313
11 314
11 315
11 316
11 317
11 318
11 319
11 320
11 321
11 322
11 323
11 324
11 325
11 326
11 327
11 328
11 329
11 330
11 331
11 332
11 333
11 334
11 335
11 336
11 337
11 338
11 339
11 340
11 341
11 342
11 343
11 344
11 345
11 346
11 347
11 348
11 349
11 350
11 351
11 352
11 353
11 354
11 355
11 356
11 357
11 358
11 359
11 360
11 361
11 362
11 363
11 364
11 365
11 366
11 367
11 368
11 369
11 370
11 371
11 372
11 373
11 374
11 375
11 376
11 377
11 378
11 379
11 380
11 381
11 382
11 383
11 384
11 385
11 386
11 387
11 388
11 389
11 390
11 391
11 392
11 393
11 394
11 395
11 396
11 397
11 398
11 399
11 400
11 401
11 402
11 403
11 404
11 405
11 406
11 407
11 408
11 409
11 410
11 411
11 412
11 413
11 414
11 415
11 416
11 417
11 418
11 419
11 420
11 421
11 422
11 423
11 424
11 425
11 426
11 427
11 428
11 429
11 430
11 431
11 432
11 433
11 434
11 435
11 436
11 437
11 438
11 439
11 440
11 441
11 442
11 443
11 444
11 445
11 446
11 447
11 448
11 449
11 450
11 451
11 452
11 453
11 454
11 455
11 456
11 457
11 458
11 459
11 460
11 461
11 462
11 463
11 464
11 465
11 466
11 467
11 468
11 469
11 470
11 471
11 472
11 473
11 474
11 475
11 476
11 477
11 478
11 479
11 480
11 481
11 482
11 483
11 484
11 485
11 486
11 487
11 488
11 489
11 490
11 491
11 492
11 493
11 494
11 495
11 496
11 497
11 498
11 499
11 500
11 501
11 502
11 503
11 504
11 505
11 506
11 507
11 508
11 509
11 510
11 511
11 512
11 513
11 514
11 515
11 516
11 517
11 518
11 519
11 520
11 521
11 522
11 523
11 524
11 525
11 526
11 527
11 528
11 529
11 530
11 531
11 532
11 533
11 534
11 535
11 536
11 537
11 538
11 539
11 540
11 541
11 542
11 543
11 544
11 545
11 546
11 547
11 548
11 549
11 550
11 551
11 552
11 553
11 554
11 555
11 556
11 557
11 558
11 559
11 560
11 561
11 562
11 563
11 564
11 565
11 566
11 567
11 568
11 569
11 570
11 571
11 572
11 573
11 574
11 575
11 576
11 577
11 578
11 579
11 580
11 581
11 582
11 583
11 584
11 585
11 586
11 587
11 588
11 589
11 590
11 591
11 592
11 593
11 594
11 595
11 596
11 597
11 598
11 599
11 600
11 601
11 602
11 603
11 604
11 605
11 606
11 607
11 608
11 609
11 610
11 611
11 612
11 613
11 614
11 615
11 616
11 617
11 618
11 619
11 620
11 621
11 622
11 623
11 624
11 625
11 626
11 627
11 628
11 629
11 630
11 631
11 632
11 633
11 634
11 635
11 636
11 637
11 638
11 639
11 640
11 641
11 642
11 643
11 644
11 645
11 646
11 647
11 648
11 649
11 650
11 651
11 652
11 653
11 654
11 655
11 656
11 657
11 658
11 659
11 660
11 661
11 662
11 663
11 664
11 665
11 666
11 667
11 668
11 669
11 670
11 671
11 672
11 673
11 674
11 675
11 676
11 677
11 678
11 679
11 680
11 681
11 682
11 683
11 684
11 685
11 686
11 687
11 688
11 689
11 690
11 691
11 692
11 693
11 694
11 695
11 696
11 697
11 698
11 699
11 700
11 701
11 702
11 703
11 704
11 705
11 706
11 707
11 708
11 709
11 710
11 711
11 712
11 713
11 714
11 715
11 716
11 717
11 718
11 719
11 720
11 721
11 722
11 723
11 724
11 725
11 726
11 727
11 728
11 729
11 730
11 731
11 732
11 733
11 734
11 735
11 736
11 737
11 738
11 739
11 740
11 741
11 742
11 743
11 744
11 745
11 746
11 747
11 748
11 749
11 750
11 751
11 752
11 753
11 754
11 755
11 756
11 757
11 758
11 759
11 760
11 761
11 762
11 763
11 764
11 765
11 766
11 767
11 768
11 769
11 770
11 771
11 772
11 773
11 774
11 775
11 776
11 777
11 778
11 779
11 780
11 781
11 782
11 783
11 784
11 785
11 786
11 787
11 788
11 789
11 790
11 791
11 792
11 793
11 794
11 795
11 796
11 797
11 798
11 799
11 800
11 801
11 802
11 803
11 804
11 805
11 806
11 807
11 808
11 809
11 810
11 811
11 812
11 813
11 814
11 815
11 816
11 817
11 818
11 819
11 820
11 821
11 822
11 823
11 824
11 825
11 826
11 827
11 828
11 829
11 830
11 831
11 832
11 833
11 834
11 835
11 836
11 837
11 838
11 839
11 840
11 841
11 842
11 843
11 844
11 845
11 846
11 847
11 848
11 849
11 850
11 851
11 852
11 853
11 854
11 855
11 856
11 857
11 858
11 859
11 860
11 861
11 862
11 863
11 864
11 865
11 866
11 867
11 868
11 869
11 870
11 871
11 872
11 873
11 874
11 875
11 876
11 877
11 878
11 879
11 880
11 881
11 882
11 883
11 884
11 885
11 886
11 887
11 888
11 889
11 890
11 891
11 892
11 893
11 894
11 895
11 896
11 897
11 898
11 899
11 900
11 901
11 902
11 903
11 904
11 905
11 906
11 907
11 908
11 909
11 910
11 911
11 912
11 913
11 914
11 915
11 916
11 917
11 918
11 919
11 920
11 921
11 922
11 923
11 924
11 925
11 926
11 927
11 928
11 929
11 930
11 931
11 932
11 933
11 934
11 935
11 936
11 937
11 938
11 939
11 940
11 941
11 942
11 943
11 944
11 945
11 946
11 947
11 948
11 949
11 950
11 951
11 952
11 953
11 954
11 955
11 956
11 957
11 958
11 959
11 960
11 961
11 962
11 963
11 964
11 965
11 966
11 967
11 968
11 969
11 970
11 971
11 972
11 973
11 974
11 975
11 976
11 977
11 978
11 979
11 980
11 981
11 982
11 983
11 984
11 985
11 986
11 987
11 988
11 989
11 990
11 991
11 992
11 993
11 994
11 995
11 996
11 997
11 998
11 999
11 1000
11 1001
11 1002
11 1003
11 1004
11 1005
11 1006
11 1007
11 1008
11 1009
11 1010
11 1011
11 1012
11 1013
11 1014
11 1015
11 1016
11 1017
11 1018
11 1019
11 1020
11 1021
11 1022
11 1023
11 1024
11 1025
11 1026
11 1027
11 1028
11 1029
11 1030
11 1031
11 1032
11 1033
11 1034
11 1035
11 1036
11 1037
11 1038
11 1039
11 1040
11 1041
11 1042
11 1043
11 1044
11 1045
11 1046
11 1047
11 1048
11 1049
11 1050
11 1051
11 1052
11 1053
11 1054
11 1055
11 1056
11 1057
11 1058
11 1059
11 1060
11 1061
11 1062
11 1063
11 1064
11 1065
11 1066
11 1067
11 1068
11 1069
11 1070
11 1071
11 1072
11 1073
11 1074
11 1075
11 1076
11 1077
11 1078
11 1079
11 1080
11 1081
11 1082
11 1083
11 1084
11 1085
11 1086
11 1087
11 1088
11 1089
11 1090
11 1091
11 1092
11 1093
11 1094
11 1095
11 1096
11 1097
11 1098
11 1099
11 1100
11 1101
11 1102
11 1103
11 1104
11 1105
11 1106
11 1107
11 1108
11 1109
11 1110
11 1111
11 1112
11 1113
11 1114
11 1115
11 1116
11 1117
11 1118
11 1119
11 1120
11 1121
11 1122
11 1123
11 1124
11 1125
11 1126
11 1127
11 1128
11 1129
11 1130
11 1131
11 1132
11 1133
11 1134
11 1135
11 1136
11 1137
11 1138
11 1139
11 1140
11 1141
11 1142
11 1143
11 1144
11 1145
11 1146
11 1147
11 1148
11 1149
11 1150
11 1151
11 1152
11 1153
11 1154
11 1155
11 1156
11 1157
11 1158
11 1159
11 1160
11 1161
11 1162
11 1163
11 1164
11 1165
11 1166
11 1167
11 1168
11 1169
11 1170
11 1171
11 1172
11 1173
11 1174
11 1175
11 1176
11 1177
11 1178
11 1179
11 1180
11 1181
11 1182
11 1183
11 1184
11 1185
11 1186
11 1187
11 1188
11 1189
11 1190
11 1191
11 1192
11 1193
11 1194
11 1195
11 1196
11 1197
11 1198
11 1199
11 1200
11 1201
11 1202
11 1203
11 1204
11 1205
11 1206
11 1207
11 1208
11 1209
11 1210
11 1211
11 1212
11 1213
11 1214
11 1215
11 1216
11 1217
11 1218
11 1219
11 1220
11 1221
11 1222
11 1223
11 1224
11 1225
11 1226
11 1227
11 1228
11 1229
11 1230
11 1231
11 1232
11 1233
11 1234
11 1235
11 1236
11 1237
11 1238
11 1239
11 1240
11 1241
11 1242
11 1243
11 1244
11 1245
11 1246
11 1247
11 1248
11 1249
11 1250
11 1251
11 1252
11 1253
11 1254
11 1255
11 1256
11 1257
11 1258
11 1259
11 1260
11 1261
11 1262
11 1263
11 1264
11 1265
11 1266
11 1267
11 1268
11 1269
11 1270
11 1271
11 1272
11 1273
11 1274
11 1275
11 1276
11 1277
11 1278
11 1279
11 1280
11 1281
11 1282
11 1283
11 1284
11 1285
11 1286
11 1287
11 1288
11 1289
11 1290
11 1291
11 1292
11 1293
11 1294
11 1295
11 1296
11 1297
11 1298
11 1299
11 1300
11 1301
11 1302
11 1303
11 1304
11 1305
11 1306
11 1307
11 1308
11 1309
11 1310
11 1311
11 1312
11 1313
11 1314
11 1315
11 1316
11 1317
11 1318
11 1319
11 1320
11 1321
11 1322
11 1323
11 1324
11 1325
11 1326
11 1327
11 1328
11 1329
11 1330
11 1331
11 1332
11 1333
11 1334
11 1335
11 1336
11 1337
11 1338
11 1339
11 1340
11 1341
11 1342
11 1343
11 1344
11 1345
11 1346
11 1347
11 1348
11 1349
11 1350
11 1351
11 1352
11 1353
11 1354
11 1355
11 1356
11 1357
11 1358
11 1359
11 1360
11 1361
11 1362
11 1363
11 1364
11 1365
11 1366
11 1367
11 1368
11 1369
11 1370
11 1371
11 1372
11 1373
11 1374
11 1375
11 1376
11 1377
11 1378
11 1379
11 1380
11 1381
11 1382
11 1383
11 1384
11 1385
11 1386
11 1387
11 1388
11 1389
11 1390
11 1391
11 1392
11 1393
11 1394
11 1395
11 1396
11 1397
11 1398
11 1399
11 1400
11 1401
11 1402
11 1403
11 1404
11 1405
11 1406
11 1407
11 1408
11 1409
11 1410
11 1411
11 1412
11 1413
11 1414
11 1415
11 1416
11 1417
11 1418
11 1419
11 1420
11 1421
11 1422
11 1423
11 1424
11 1425
11 1426
11 1427
11 1428
11 1429
11 1430
11 1431
11 1432
11 1433
11 1434
11 1435
11 1436
11 1437
11 1438
11 1439
11 1440
11 1441
11 1442
11 1443
11 1444
11 1445
11 1446
11 1447
11 1448
11 1449
11 1450
11 1451
11 1452
11 1453
11 1454
11 1455
11 1456
11 1457
11 1458
11 1459
11 1460
11 1461
11 1462
11 1463
11 1464
11 1465
11 1466
11 1467
11 1468
11 1469
11 1470
11 1471
11 1472
11 1473
11 1474
11 1475
11 1476
11 1477
11 1478
11 1479
11 1480
11 1481
11 1482
11 1483
11 1484
11 1485
11 1486
11 1487
11 1488
11 1489
11 1490
11 1491
11 1492
11 1493
11 1494
11 1495
11 1496
11 1497
11 1498
11 1499
11 1500
11 1501
11 1502
11 1503
11 1504
11 1505
11 1506
11 1507
11 1508
11 1509
11 1510
11 1511
11 1512
11 1513
11 1514
11 1515
11 1516
11 1517
11 1518
11 1519
11 1520
11 1521
11 1522
11 1523
11 1524
11 1525
11 1526
11 1527
11 1528
11 1529
11 1530
11 1531
11 1532
11 1533
11 1534
11 1535
11 1536
11 1537
11 1538
11 1539
11 1540
11 1541
11 1542
11 1543
11 1544
11 1545
11 1546
11 1547
11 1548
11 1549
11 1550
11 1551
11 1552
11 1553
11 1554
11 1555
11 1556
11 1557
11 1558
11 1559
11 1560
11 1561
11 1562
11 1563
11 1564
11 1565
11 1566
11 1567
11 1568
11 1569
11 1570
11 1571
11 1572
11 1573
11 1574
11 1575
11 1576
11 1577
11 1578
11 1579
11 1580
11 1581
11 1582
11 1583
11 1584
11 1585
11 1586
11 1587
11 1588
11 1589
11 1590
11 1591
11 1592
11 1593
11 1594
11 1595
11 1596
11 1597
11 1598
11 1599
11 1600
11 1601
11 1602
11 1603
11 1604
11 1605
11 1606
11 1607
11 1608
11 1609
11 1610
11 1611
11 1612
11 1613
11 1614
11 1615
11 1616
11 1617
11 1618
11 1619
11 1620
11 1621
11 1622
11 1623
11 1624
11 1625
11 1626
11 1627
11 1628
11 1629
11 1630
11 1631
11 1632
11 1633
11 1634
11 1635
11 1636
11 1637
11 1638
11 1639
11 1640
11 1641
11 1642
11 1643
11 1644
11 1645
11 1646
11 1647
11 1648
11 1649
11 1650
11 1651
11 1652
11 1653
11 1654
11 1655
11 1656
11 1657
11 1658
11 1659
11 1660
11 1661
11 1662
11 1663
11 1664
11 1665
11 1666
11 1667
11 1668
11 1669
11 1670
11 1671
11 1672
11 1673
11 1674
11 1675
11 1676
11 1677
11 1678
11 1679
11 1680
11 1681
11 1682
11 1683
11 1684
11 1685
11 1686
11 1687
11 1688
11 1689
11 1690
11 1691
11 1692
11 1693
11 1694
11 1695
11 1696
11 1697
11 1698
11 1699
11 1700
11 1701
11 1702
11 1703
11 1704
11 1705
11 1706
11 1707
11 1708
11 1709
11 1710
11 1711
11 1712
11 1713
11 1714
11 1715
11 1716
11 1717
11 1718
11 1719
11 1720
11 1721
11 1722
11 1723
11 1724
11 1725
11 1726
11 1727
11 1728
11 1729
11 1730
11 1731
11 1732
11 1733
11 1734
11 1735
11 1736
11 1737
11 1738
11 1739
11 1740
11 1741
11 1742
11 1743
11 1744
11 1745
11 1746
11 1747
11 1748
11 1749
11 1750
11 1751
11 1752
11 1753
11 1754
11 1755
11 1756
11 1757
11 1758
11 1759
11 1760
11 1761
11 1762
11 1763
11 1764
11 1765
11 1766
11 1767
11 1768
11 1769
11 1770
11 1771
11 1772
11 1773
11 1774
11 1775
11 1776
11 1777
11 1778
11 1779
11 1780
11 1781
11 1782
11 1783
11 1784
11 1785
11 1786
11 1787
11 1788
11 1789
11 1790
11 1791
11 1792
11 1793
11 1794
11 1795
11 1796
11 1797
11 1798
11 1799
11 1800
11 1801
11 1802
11 1803
11 1804
11 1805
11 1806
11 1807
11 1808
11 1809
11 1810
11 1811
11 1812
11 1813
11 1814
11 1815
11 1816
11 1817
11 1818
11 1819
11 1820
11 1821
11 1822
11 1823
11 1824
11 1825
11 1826
11 1827
11 1828
11 1829
11 1830
11 1831
11 1832
11 1833
11 1834
11 1835
11 1836
11 1837
11 1838
11 1839
11 1840
11 1841
11 1842
11 1843
11 1844
11 1845
11 1846
11 1847
11 1848
11 1849
11 1850
11 1851
11 1852
11 1853
11 1854
11 1855
11 1856
11 1857
11 1858
11 1859
11 1860
11 1861
11 1862
11 1863
11 1864
11 1865
11 1866
11 1867
11 1868
11 1869
11 1870
11 1871
11 1872
11 1873
11 1874
11 1875
11 1876
11 1877
11 1878
11 1879
11 1880
11 1881
11 1882
11 1883
11 1884
11 1885
11 1886
11 1887
11 1888
11 1889
11 1890
11 1891
11 1892
11 1893
11 1894
11 1895
11 1896
11 1897
11 1898
11 1899
11 1900
11 1901
11 1902
11 1903
11 1904
11 1905
11 1906
11 1907
11 1908
11 1909
11 1910
11 1911
11 1912
11 1913
11 1914
11 1915
11 1916
11 1917
11 1918
11 1919
11 1920
11 1921
11 1922
11 1923
11 1924
11 1925
11 1926
11 1927
11 1928
11 1929
11 1930
11 1931
11 1932
11 1933
11 1934
11 1935
11 1936
11 1937
11 1938
11 1939
11 1940
11 1941
11 1942
11 1943
11 1944
11 1945
11 1946
11 1947
11 1948
11 1949
11 1950
11 1951
11 1952
11 1953
11 1954
11 1955
11 1956
11 1957
11 1958
11 1959
11 1960
11 1961
11 1962
11 1963
11 1964
11 1965
11 1966
11 1967
11 1968
11 1969
11 1970
11 1971
11 1972
11 1973
11 1974
11 1975
11 1976
11 1977
11 1978
11 1979
11 1980
11 1981
11 1982
11 1983
11 1984
11 1985
11 1986
11 1987
11 1988
11 1989
11 1990
11 1991
11 1992
11 1993
11 1994
11 1995
11 1996
11 1997
11 1998
11 1999
11 2000
11 2001
11 2002
11 2003
11 2004
11 2005
11 2006
11 2007
11 2008
11 2009
11 2010
11 2011
11 2012
11 2013
11 2014
11 2015
11 2016
11 2017
11 2018
11 2019
11 2020
11 2021
11 2022
11 2023
11 2024
11 2025
11 2026
11 2027
11 2028
11 2029
11 2030
11 2031
11 2032
11 2033
11 2034
11 2035
11 2036
11 2037
11 2038
11 2039
11 2040
11 2041
11 2042
11 2043
11 2044
11 2045
11 2046
11 2047
11 2048
11 2049
11 2050
11 2051
11 2052
11 2053
11 2054
11 2055
11 2056
11 2057
11 2058
11 2059
11 2060
11 2061
11 2062
11 2063
11 2064
11 2065
11 2066
11 2067
11 2068
11 2069
11 2070
11 2071
11 2072
11 2073
11 2074
11 2075
11 2076
11 2077
11 2078
11 2079
11 2080
11 2081
11 2082
11 2083
11 2084
11 2085
11 2086
11 2087
11 2088
11 2089
11 2090
11 2091
11 2092
11 2093
11 2094
11 2095
11 2096
11 2097
11 2098
11 2099
11 2100
11 2101
11 2102
11 2103
11 2104
11 2105
11 2106
11 2107
11 2108
11 2109
11 2110
11 2111
11 2112
11 2113
11 2114
11 2115
11 2116
11 2117
11 2118
11 2119
11 2120
11 2121
11 2122
11 2123
11 2124
11 2125
11 2126
11 2127
11 2128
11 2129
11 2130
11 2131
11 2132
11 2133
11 2134
11 2135
11 2136
11 2137
11 2138
11 2139
11 2140
11 2141
11 2142
11 2143
11 2144
11 2145
11 2146
11 2147
11 2148
11 2149
11 2150
11 2151
11 2152
11 2153
11 2154
11 2155
11 2156
11 2157
11 2158
11 2159
11 2160
11 2161
11 2162
11 2163
11 2164
11 2165
11 2166
11 2167
11 2168
11 2169
11 2170
11 2171
11 2172
11 2173
11 2174
11 2175
11 2176
11 2177
11 2178
11 2179
11 2180
11 2181
11 2182
11 2183
11 2184
11 2185
11 2186
11 2187
11 2188
11 2189
11 2190
11 2191
11 2192
11 2193
11 2194
11 2195
11 2196
11 2197
11 2198
11 2199
11 2200
11 2201
11 2202
11 2203
11 2204
11 2205
11 2206
11 2207
11 2208
11 2209
11 2210
11 2211
11 2212
11 2213
11 2214
11 2215
11 2216
11 2217
11 2218
11 2219
11 2220
11 2221
11 2222
11 2223
11 2224
11 2225
11 2226
11 2227
11 2228
11 2229
11 2230
11 2231
11 2232
11 2233
11 2234
11 2235
11 2236
11 2237
11 2238
11 2239
11 2240
11 2241
11 2242
11 2243
11 2244
11 2245
11 2246
11 2247
11 2248
11 2249
11 2250
11 2251
11 2252
11 2253
11 2254
11 2255
11 2256
11 2257
11 2258
11 2259
11 2260
11 2261
11 2262
11 2263
11 2264
11 2265
11 2266
11 2267
11 2268
11 2269
11 2270
11 2271
11 2272
11 2273
11 2274
11 2275
11 2276
11 2277
11 2278
11 2279
11 2280
11 2281
11 2282
11 2283
11 2284
11 2285
11 2286
11 2287
11 2288
11 2289
11 2290
11 2291
11 2292
11 2293
11 2294
11 2295
11 2296
11 2297
11 2298
11 2299
11 2300
11 2301
11 2302
11 2303
11 2304
11 2305
11 2306
11 2307
11 2308
11 2309
11 2310
11 2311
11 2312
11 2313
11 2314
11 2315
11 2316
11 2317
11 2318
11 2319
11 2320
11 2321
11 2322
11 2323
11 2324
11 2325
11 2326
11 2327
11 2328
11 2329
11 2330
11 2331
11 2332
11 2333
11 2334
11 2335
11 2336
11 2337
11 2338
11 2339
11 2340
11 2341
11 2342
11 2343
11 2344
11 2345
11 2346
11 2347
11 2348
11 2349
11 2350
11 2351
11 2352
11 2353
11 2354
11 2355
11 2356
11 2357
11 2358
11 2359
11 2360
11 2361
11 2362
11 2363
11 2364
11 2365
11 2366
11 2367
11 2368
11 2369
11 2370
11 2371
11 2372
11 2373
11 2374
11 2375
11 2376
11 2377
11 2378
11 2379
11 2380
11 2381
11 2382
11 2383
11 2384
11 2385
11 2386
11 2387
11 2388
11 2389
11 2390
11 2391
11 2392
11 2393
11 2394
11 2395
11 2396
11 2397
11 2398
11 2399
11 2400
11 2401
11 2402
11 2403
11 2404
11 2405
11 2406
11 2407
11 2408
11 2409
11 2410
11 2411
11 2412
11 2413
11 2414
11 2415
11 2416
11 2417
11 2418
11 2419
11 2420
11 2421
11 2422
11 2423
11 2424
11 2425
11 2426
11 2427
11 2428
11 2429
11 2430
11 2431
11 2432
11 2433
11 2434
11 2435
11 2436
11 2437
11 2438
11 2439
11 2440
11 2441
11 2442
11 2443
11 2444
11 2445
11 2446
11 2447
11 2448
11 2449
11 2450
11 2451
11 2452
11 2453
11 2454
11 2455
11 2456
11 2457
11 2458
11 2459
11 2460
11 2461
11 2462
11 2463
11 2464
11 2465
11 2466
11 2467
11 2468
11 2469
11 2470
11 2471
11 2472
11 2473
11 2474
11 2475
11 2476
11 2477
11 2478
11 2479
11 2480
11 2481
11 2482
11 2483
11 2484
11 2485
11 2486
11 2487
11 2488
11 2489
11 2490
11 2491
11 2492
11 2493
11 2494
11 2495
11 2496
11 2497
11 2498
11 2499
11 2500
11 2501
11 2502
11 2503
11 2504
11 2505
11 2506
11 2507
11 2508
11 2509
11 2510
11 2511
11 2512
11 2513
11 2514
11 2515
11 2516
11 2517
11 2518
11 2519
11 2520
11 2521
11 2522
11 2523
11 2524
11 2525
11 2526
11 2527
11 2528
11 2529
11 2530
11 2531
11 2532
11 2533
11 2534
11 2535
11 2536
11 2537
11 2538
11 2539
11 2540
11 2541
11 2542
11 2543
11 2544
11 2545
11 2546
11 2547
11 2548
11 2549
11 2550
11 2551
11 2552
11 2553
11 2554
11 2555
11 2556
11 2557
11 2558
11 2559
11 2560
11 2561
11 2562
11 2563
11 2564
11 2565
11 2566
11 2567
11 2568
11 2569
11 2570
11 2571
11 2572
11 2573
11 2574
11 2575
11 2576
11 2577
11 2578
11 2579
11 2580
11 2581
11 2582
11 2583
11 2584
11 2585
11 2586
11 2587
11 2588
11 2589
11 2590
11 2591
11 2592
11 2593
11 2594
11 2595
11 2596
11 2597
11 2598
11 2599
11 2600
11 2601
11 2602
11 2603
11 2604
11 2605
11 2606
11 2607
11 2608
11 2609
11 2610
11 2611
11 2612
11 2613
11 2614
11 2615
11 2616
11 2617
11 2618
11 2619
11 2620
11 2621
11 2622
11 2623
11 2624
11 2625
11 2626
11 2627
11 2628
11 2629
11 2630
11 2631
11 2632
11 2633
11 2634
11 2635
11 2636
11 2637
11 2638
11 2639
11 2640
11 2641
11 2642
11 2643
11 2644
11 2645
11 2646
11 2647
11 2648
11 2649
11 2650
11 2651
11 2652
11 2653
11 2654
11 2655
11 2656
11 2657
11 2658
11 2659
11 2660
11 2661
11 2662
11 2663
11 2664
11 2665
11 2666
11 2667
11 2668
11 2669
11 2670
11 2671
11 2672
11 2673
11 2674
11 2675
11 2676
11 2677
11 2678
11 2679
11 2680
11 2681
11 2682
11 2683
11 2684
11 2685
11 2686
11 2687
11 2688
11 2689
11 2690
11 2691
11 2692
11 2693
11 2694
11 2695
11 2696
11 2697
11 2698
11 2699
11 2700
11 2701
11 2702
11 2703
11 2704
11 2705
11 2706
11 2707
11 2708
11 2709
11 2710
11 2711
11 2712
11 2713
11 2714
11 2715
11 2716
11 2717
11 2718
11 2719
11 2720
11 2721
11 2722
11 2723
11 2724
11 2725
11 2726
11 2727
11 2728
11 2729
11 2730
11 2731
11 2732
11 2733
11 2734
11 2735
11 2736
11 2737
11 2738
11 2739
11 2740
11 2741
11 2742
11 2743
11 2744
11 2745
11 2746
11 2747
11 2748
11 2749
11 2750
11 2751
11 2752
11 2753
11 2754
11 2755
11 2756
11 2757
11 2758
11 2759
11 2760
11 2761
11 2762
11 2763
11 2764
11 2765
11 2766
11 2767
11 2768
11 2769
11 2770
11 2771
11 2772
11 2773
11 2774
11 2775
11 2776
11 2777
11 2778
11 2779
11 2780
11 2781
11 2782
11 2783
11 2784
11 2785
11 2786
11 2787
11 2788
11 2789
11 2790
11 2791
11 2792
11 2793
11 2794
11 2795
11 2796
11 2797
11 2798
11 2799
11 2800
11 2801
11 2802
11 2803
11 2804
11 2805
11 2806
11 2807
11 2808
11 2809
11 2810
11 2811
11 2812
11 2813
11 2814
11 2815
11 2816
11 2817
11 2818
11 2819
11 2820
11 2821
11 2822
11 2823
11 2824
11 2825
11 2826
11 2827
11 2828
11 2829
11 2830
11 2831
11 2832
11 2833
11 2834
11 2835
11 2836
11 2837
11 2838
11 2839
11 2840
11 2841
11 2842
11 2843
11 2844
11 2845
11 2846
11 2847
11 2848
11 2849
11 2850
11 2851
11 2852
11 2853
11 2854
11 2855
11 2856
11 2857
11 2858
11 2859
11 2860
11 2861
11 2862
11 2863
11 2864
11 2865
11 2866
11 2867
11 2868
11 2869
11 2870
11 2871
11 2872
11 2873
11 2874
11 2875
11 2876
11 2877
11 2878
11 2879
11 2880
11 2881
11 2882
11 2883
11 2884
11 2885
11 2886
11 2887
11 2888
11 2889
12 2689
12 2890
12 2891
12 2892
12 2893
12 2894
12 2895
12 2896
12 2897
12 2898
12 1990
12 2899
12 2900
12 17
12 2901
12 2902
12 2903
12 2904
12 2905
12 2375
12 2906
12 2691
12 33
12 2907
12 2908
12 2909
12 2910
12 2911
12 2912
12 2913
12 2295
12 2446
12 2914
12 69
12 2915
12 2916
12 2917
12 2918
12 2919
12 2920
12 2921
12 2922
12 1893
12 2109
12 2923
12 2924
12 2925
12 2926
12 163
12 2927
12 2928
12 1696
12 2929
12 107
12 2930
12 2428
12 2266
12 2931
12 2932
12 1859
12 2933
12 2934
12 2935
12 2936
12 2937
12 2938
12 2939
12 2940
12 127
12 2941
12 2942
12 2031
12 2943
12 2944
12 2945
12 2946
12 2947
12 192
12 183
12 2948
12 1830
12 2949
12 2950
12 2951
12 2952
12 2953
12 2954
12 2657
12 2955
12 203
12 2956
12 2957
12 2958
12 2959
12 220
12 2960
12 2961
12 2962
12 2348
12 2963
12 2964
12 230
12 2965
12 239
12 2238
12 1931
12 2966
12 976
12 1008
12 2967
12 999
12 2968
12 2969
12 2970
12 2971
12 2972
12 102
12 1176
12 266
12 2973
12 285
12 1111
12 290
12 2974
12 2975
12 2976
12 297
12 2977
12 191
12 2978
12 2979
12 2980
12 2981
12 1524
12 2982
12 2983
12 2984
12 2985
12 2986
12 320
12 892
12 2987
12 2988
12 2989
12 2990
12 2991
12 2992
12 1340
12 1697
12 334
12 2993
12 2994
12 2995
12 2996
12 2997
12 2998
12 367
12 2999
12 3000
12 3001
12 3002
12 585
12 827
12 3003
12 3004
12 3005
12 3006
12 696
12 2645
12 395
12 621
12 397
12 401
12 3007
12 3008
12 3009
12 409
12 3010
12 2582
12 1921
12 3011
12 3012
12 3013
12 2607
12 1861
12 3014
12 1634
12 450
12 3015
12 2317
12 3016
12 3017
12 3018
12 261
12 3019
12 3020
12 3021
12 3022
12 464
12 3023
12 3024
12 470
12 3025
12 3026
12 2584
12 1250
12 1255
12 3027
12 1992
12 3028
12 2727
12 491
12 3029
12 919
12 1713
12 3030
12 3031
12 3032
12 1596
12 3033
12 3034
12 1660
12 2384
12 3035
12 3036
12 523
12 3037
12 3038
12 3039
12 3040
12 3041
12 544
12 3042
12 550
12 549
12 1312
12 3043
12 559
12 562
12 2751
12 3044
12 3045
12 574
12 2432
12 3046
12 3047
12 3048
12 2744
12 3049
12 3050
12 3051
12 3052
12 3053
12 3054
12 3055
12 3056
12 3057
12 3058
12 3059
12 638
12 3060
12 3061
12 3062
12 3063
12 3064
12 3065
12 2853
12 752
12 3066
12 662
12 3067
12 664
12 3068
12 671
12 676
12 3069
12 2431
12 683
12 684
12 1494
12 1514
12 3070
12 3071
12 3072
12 701
12 1999
12 709
12 710
12 3073
12 720
12 3074
12 3075
12 3076
12 2736
12 2589
12 3077
12 3078
12 3079
12 3080
12 754
12 2278
12 3081
12 3082
12 2565
12 776
12 778
12 3083
12 3084
12 3085
12 3086
12 29
12 1271
12 3087
12 3088
12 802
12 3089
12 3090
12 3091
12 807
12 2135
12 1456
12 1899
12 3092
12 3093
12 3094
12 3095
12 834
12 3096
12 3097
12 845
12 3098
12 790
12 1414
12 3099
12 3100
12 3101
12 3102
12 887
12 3103
12 3104
12 3105
12 3106
12 1986
12 914
12 1264
12 2642
12 3107
12 3108
12 3109
12 939
12 3110
12 1371
12 1482
12 2548
12 3111
12 3112
12 3113
12 3114
12 3115
12 3116
12 3117
12 3118
12 963
12 966
12 1994
12 967
12 969
12 1573
12 3119
12 3120
12 3121
12 3122
12 3123
12 3124
12 3125
12 1022
12 3126
12 2490
12 3127
12 3128
12 3129
12 3130
12 3131
12 3132
12 3133
12 1013
12 3134
12 3135
12 3136
12 3137
12 1963
12 3138
12 3139
12 1592
12 3140
12 3141
12 3142
12 1047
12 1046
12 1247
12 3143
12 1050
12 3144
12 2585
12 3145
12 1059
12 3146
12 3147
12 1073
12 3148
12 3149
12 2157
12 3150
12 1099
12 3151
12 3152
12 2655
12 1113
12 1116
12 3153
12 3154
12 3155
12 3156
12 3157
12 456
12 1211
12 3158
12 2766
12 148
12 3159
12 2056
12 1143
12 3160
12 3161
12 3162
12 1151
12 3163
12 3164
12 3165
12 3166
12 2583
12 3167
12 1177
12 3168
12 2740
12 1187
12 3169
12 3170
12 3171
12 3172
12 3173
12 3174
12 3175
12 3176
12 3177
12 3178
12 3179
12 2836
12 3180
12 3181
12 3182
12 3183
12 3184
12 3185
12 1217
12 3186
12 3187
12 1043
12 3188
12 3189
12 3190
12 3191
12 1245
12 3192
12 1188
12 3193
12 3194
12 2749
12 3195
12 3196
12 1262
12 86
12 3197
12 1479
12 1721
12 3198
12 2292
12 3199
12 823
12 3200
12 3201
12 3202
12 394
12 2693
12 3203
12 3204
12 1276
12 3205
12 983
12 1282
12 3206
12 3207
12 2545
12 3208
12 2486
12 3209
12 3210
12 604
12 3211
12 3212
12 3213
12 3214
12 3215
12 25
12 1723
12 3216
12 3217
12 1428
12 3218
12 1310
12 3219
12 3220
12 2823
12 3221
12 3222
12 2482
12 1492
12 1865
12 3223
12 2674
12 3224
12 1332
12 3225
12 3226
12 2748
12 3227
12 1609
12 3228
12 3229
12 3230
12 3231
12 2355
12 3232
12 3233
12 2776
12 3234
12 3235
12 3236
12 1850
12 3237
12 3238
12 2155
12 1201
12 3239
12 3240
12 30
12 1162
12 3241
12 3242
12 3243
12 3244
12 1348
12 3245
12 3246
12 2275
12 2743
12 2365
12 3247
12 400
12 927
12 423
12 3248
12 3249
12 3250
12 3251
12 3252
12 1419
12 3253
12 3254
12 1440
12 3255
12 682
12 1891
12 3256
12 3257
12 3258
12 3259
12 3260
12 3261
12 3262
12 3263
12 381
12 3264
12 1474
12 3265
12 201
12 1489
12 817
12 2451
12 3266
12 1056
12 3267
12 3268
12 64
12 3269
12 3270
12 2399
12 1512
12 3271
12 2190
12 3272
12 3273
12 3274
12 1214
12 2484
12 1520
12 3275
12 1334
12 1523
12 3276
12 3277
12 3278
12 1546
12 1543
12 3279
12 1548
12 3280
12 3281
12 3282
12 1682
12 1749
12 3283
12 3284
12 3285
12 3286
12 3287
12 3288
12 344
12 1608
12 3289
12 615
12 1533
12 404
12 1622
12 3290
12 3291
12 3292
12 2850
12 3293
12 1646
12 3294
12 3295
12 3296
12 1229
12 1227
12 2580
12 3297
12 1670
12 1674
12 1676
12 3298
12 3299
12 3300
12 3301
12 1699
12 1700
12 3302
12 3303
12 3304
12 3305
12 3306
12 3307
12 3308
12 3309
12 3310
12 1724
12 3311
12 3312
12 2690
12 1731
12 189
12 974
12 1737
12 3313
12 1738
12 1294
12 1108
12 3314
12 1741
12 3315
12 2469
12 3316
12 566
12 3317
12 3318
12 3319
12 3320
12 3321
12 1774
12 3322
12 3323
12 1791
12 588
12 3324
12 295
12 3325
12 3326
12 1802
12 3327
12 1809
12 1320
12 1813
12 3328
12 3329
12 3330
12 1820
12 3331
12 2829
12 35
12 1837
12 3332
12 3333
12 3334
12 3335
12 2873
12 1003
12 223
12 3336
12 3337
12 1848
12 3338
12 654
12 3339
12 3340
12 3341
12 3342
12 3343
12 1864
12 3344
12 3345
12 1907
12 978
12 1888
12 3346
12 3347
12 3348
12 3349
12 2324
12 907
12 3350
12 3351
12 2617
12 1925
12 3352
12 3353
12 3354
12 1937
12 3355
12 2202
12 3356
12 3357
12 3358
12 1960
12 3359
12 2340
12 1973
12 1974
12 3360
12 3361
12 3362
12 620
12 3363
12 1997
12 994
12 2756
12 1234
12 580
12 1402
12 3364
12 2007
12 2008
12 3365
12 3366
12 3367
12 3368
12 1316
12 1439
12 1522
12 3369
12 3370
12 3371
12 3372
12 3373
12 2055
12 3374
12 2068
12 3375
12 3376
12 3377
12 1107
12 3378
12 719
12 2071
12 3379
12 3380
12 455
12 3381
12 3382
12 1424
12 2102
12 2835
12 3383
12 3384
12 1950
12 3385
12 3386
12 3387
12 3388
12 3389
12 3390
12 2117
12 3391
12 3392
12 3393
12 3394
12 3395
12 3396
12 2134
12 1421
12 3397
12 3398
12 3399
12 3400
12 3401
12 2158
12 2499
12 181
12 3402
12 3403
12 995
12 41
12 1007
12 3404
12 860
12 1736
12 3405
12 3406
12 2179
12 3407
12 2181
12 1002
12 3408
12 3409
12 2164
12 2178
12 1889
12 3410
12 2108
12 3411
12 2188
12 2189
12 1270
12 1669
12 2271
12 1903
12 3412
12 2192
12 3413
12 3414
12 3415
12 2203
12 3416
12 3417
12 2549
12 2214
12 2215
12 3418
12 2221
12 3419
12 2227
12 3420
12 854
12 3421
12 557
12 3422
12 3423
12 940
12 3424
12 2288
12 2290
12 2291
12 3425
12 2293
12 3426
12 202
12 3427
12 3428
12 3429
12 2309
12 3430
12 3431
12 3432
12 3433
12 205
12 2374
12 3434
12 2137
12 2329
12 3435
12 1285
12 2205
12 3436
12 756
12 846
12 2343
12 2344
12 3437
12 3438
12 3439
12 52
12 1158
12 2368
12 2369
12 3440
12 3441
12 3442
12 3443
12 1556
12 1122
12 3444
12 2382
12 3445
12 3446
12 1924
12 2403
12 3447
12 3448
12 2429
12 3449
12 2556
12 3450
12 2439
12 3451
12 62
12 6
12 3452
12 3453
12 3454
12 3455
12 2454
12 3456
12 1230
12 3457
12 3458
12 3459
12 3460
12 3461
12 2092
12 3462
12 3463
12 3464
12 3465
12 3466
12 2107
12 3467
12 1912
12 3468
12 3469
12 1704
12 177
12 3470
12 2528
12 1832
12 2420
12 3471
12 3472
12 3473
12 3474
12 2586
12 2542
12 3475
12 3476
12 3477
12 1695
12 3478
12 3479
12 2314
12 2588
12 286
12 3480
12 3481
12 2604
12 3482
12 3483
12 3484
12 3485
12 3486
12 3487
12 3488
12 2090
12 2629
12 3489
12 3490
12 3491
12 3492
12 3493
12 2649
12 2832
12 2880
12 3494
12 3495
12 3496
12 3497
12 3498
12 2672
12 3499
12 3500
12 3501
12 122
12 283
12 39
12 11
12 3502
12 3503
12 3504
12 1525
12 3505
12 3506
12 3507
12 2697
12 2660
12 3508
12 3509
12 1171
12 3510
12 3511
12 3512
12 3513
12 2741
12 3514
12 3515
12 2700
12 3516
12 2533
12 3517
12 3518
12 3519
12 3520
12 3521
12 2724
12 882
12 804
12 3522
12 1471
12 947
12 1803
12 505
12 3523
12 741
12 2243
12 3524
12 2795
12 3525
12 1085
12 575
12 3526
12 2831
12 2830
12 3527
12 3528
12 3529
12 272
12 3530
12 212
12 1353
12 3531
12 2510
12 3532
12 1747
12 3533
12 2866
12 2723
12 3534
12 3535
12 3536
12 3537
12 1172
12 3538
