6 0
6 2
6 3
6 4
6 5
6 6
6 7
6 399
6 8
6 9
6 10
6 11
6 45
6 35
6 12
6 13
6 48
6 15
6 14
6 16
6 17
6 18
6 19
6 20
6 21
6 22
6 23
6 103
6 47
6 34
6 24
6 25
6 26
6 27
6 28
6 29
6 30
6 31
6 32
6 33
6 90
6 1133
6 137
6 106
6 631
6 36
6 793
6 540
6 351
6 37
6 38
6 39
6 40
6 41
6 976
6 42
6 43
6 44
6 516
6 457
6 423
6 1000
6 46
6 50
6 49
6 485
6 51
6 99
6 274
6 52
6 109
6 67
6 53
6 492
6 54
6 55
6 1163
6 56
6 86
6 71
6 57
6 74
6 58
6 709
6 59
6 60
6 167
6 61
6 164
6 62
6 63
6 81
6 64
6 65
6 66
6 68
6 69
6 70
6 488
6 358
6 1002
6 112
6 72
6 73
6 75
6 314
6 76
6 667
6 77
6 78
6 249
6 79
6 80
6 141
6 802
6 82
6 85
6 83
6 84
6 87
6 88
6 89
6 91
6 942
6 92
6 490
6 93
6 150
6 312
6 309
6 1127
6 201
6 1040
6 94
6 886
6 95
6 1031
6 98
6 471
6 483
6 96
6 97
6 649
6 100
6 434
6 104
6 101
6 296
6 102
6 138
6 105
6 107
6 108
6 493
6 110
6 111
6 113
6 114
6 115
6 116
6 117
6 118
6 119
6 120
6 264
6 124
6 121
6 122
6 1029
6 123
6 169
6 160
6 614
6 634
6 144
6 441
6 458
6 125
6 126
6 127
6 154
6 143
6 442
6 683
6 171
6 129
6 128
6 238
6 130
6 165
6 315
6 131
6 967
6 132
6 133
6 134
6 135
6 136
6 609
6 602
6 139
6 140
6 142
6 145
6 146
6 147
6 397
6 499
6 596
6 148
6 158
6 402
6 149
6 151
6 152
6 153
6 500
6 162
6 155
6 501
6 156
6 378
6 157
6 929
6 768
6 196
6 431
6 159
6 161
6 946
6 774
6 163
6 502
6 166
6 503
6 168
6 326
6 170
6 504
6 172
6 844
6 173
6 174
6 212
6 175
6 176
6 177
6 178
6 179
6 180
6 181
6 182
6 183
6 985
6 187
6 184
6 185
6 186
6 298
6 585
6 188
6 213
6 262
6 239
6 189
6 228
6 193
6 701
6 230
6 190
6 191
6 506
6 206
6 192
6 242
6 509
6 220
6 194
6 195
6 226
6 362
6 254
6 263
6 552
6 197
6 198
6 199
6 200
6 524
6 202
6 203
6 204
6 205
6 231
6 207
6 208
6 209
6 277
6 507
6 210
6 211
6 284
6 214
6 258
6 1151
6 217
6 216
6 446
6 215
6 218
6 508
6 219
6 266
6 1156
6 293
6 221
6 222
6 223
6 265
6 1010
6 224
6 523
6 225
6 227
6 229
6 232
6 510
6 1046
6 233
6 234
6 613
6 512
6 922
6 235
6 236
6 528
6 343
6 513
6 243
6 237
6 386
6 812
6 240
6 521
6 241
6 514
6 244
6 245
6 872
6 832
6 246
6 247
6 604
6 572
6 248
6 317
6 452
6 870
6 269
6 250
6 251
6 252
6 517
6 518
6 253
6 707
6 255
6 519
6 520
6 256
6 257
6 575
6 259
6 525
6 526
6 260
6 261
6 527
6 1154
6 267
6 268
6 911
6 270
6 271
6 316
6 272
6 273
6 557
6 275
6 530
6 280
6 538
6 276
6 325
6 313
6 278
6 535
6 279
6 531
6 303
6 281
6 282
6 287
6 283
6 322
6 318
6 285
6 286
6 1168
6 292
6 288
6 289
6 534
6 290
6 882
6 305
6 536
6 470
6 291
6 294
6 295
6 347
6 790
6 853
6 537
6 297
6 299
6 300
6 301
6 302
6 321
6 304
6 306
6 539
6 307
6 308
6 406
6 328
6 310
6 311
6 874
6 1079
6 388
6 319
6 1032
6 724
6 320
6 543
6 323
6 533
6 324
6 621
6 937
6 952
6 327
6 368
6 329
6 330
6 331
6 332
6 799
6 333
6 334
6 335
6 336
6 337
6 338
6 366
6 339
6 393
6 364
6 340
6 363
6 349
6 341
6 342
6 344
6 998
6 345
6 346
6 356
6 410
6 545
6 544
6 348
6 369
6 350
6 352
6 353
6 354
6 359
6 373
6 355
6 357
6 687
6 549
6 1136
6 766
6 553
6 387
6 548
6 558
6 360
6 361
6 365
6 367
6 1108
6 919
6 383
6 620
6 370
6 371
6 372
6 374
6 375
6 376
6 550
6 377
6 828
6 379
6 380
6 381
6 589
6 1097
6 382
6 384
6 385
6 673
6 389
6 390
6 391
6 392
6 395
6 396
6 418
6 568
6 394
6 398
6 400
6 401
6 556
6 404
6 403
6 405
6 1028
6 407
6 408
6 409
6 795
6 411
6 1095
6 412
6 816
6 413
6 559
6 414
6 415
6 416
6 417
6 428
6 419
6 420
6 425
6 421
6 422
6 560
6 564
6 432
6 561
6 566
6 571
6 426
6 565
6 424
6 427
6 815
6 437
6 1112
6 430
6 429
6 433
6 435
6 785
6 436
6 438
6 775
6 570
6 439
6 440
6 448
6 443
6 444
6 445
6 925
6 450
6 447
6 461
6 480
6 636
6 718
6 449
6 577
6 949
6 451
6 472
6 1058
6 890
6 453
6 554
6 468
6 454
6 476
6 455
6 456
6 1084
6 469
6 459
6 573
6 460
6 830
6 462
6 463
6 464
6 465
6 467
6 466
6 574
6 473
6 581
6 474
6 878
6 1121
6 978
6 475
6 576
6 714
6 477
6 739
6 1072
6 481
6 478
6 479
6 482
6 908
6 947
6 1180
7 0
7 2
7 483
7 5
7 6
7 7
7 11
7 399
7 8
7 9
7 10
7 45
7 35
7 12
7 15
7 16
7 17
7 18
7 19
7 20
7 22
7 103
7 47
7 34
7 24
7 25
7 27
7 29
7 31
7 30
7 484
7 32
7 33
7 312
7 137
7 106
7 486
7 28
7 490
7 1182
7 314
7 37
7 99
7 631
7 36
7 540
7 90
7 38
7 39
7 41
7 976
7 42
7 43
7 44
7 516
7 457
7 40
7 423
7 1000
7 46
7 461
7 485
7 49
7 50
7 51
7 274
7 52
7 67
7 53
7 517
7 492
7 4
7 54
7 21
7 55
7 1163
7 72
7 56
7 71
7 57
7 74
7 709
7 59
7 66
7 60
7 167
7 61
7 487
7 62
7 48
7 63
7 81
7 64
7 65
7 68
7 69
7 70
7 488
7 358
7 1002
7 112
7 73
7 75
7 76
7 667
7 77
7 78
7 14
7 867
7 26
7 80
7 925
7 802
7 85
7 489
7 84
7 13
7 86
7 1075
7 88
7 89
7 91
7 942
7 92
7 93
7 1040
7 94
7 886
7 341
7 1031
7 98
7 471
7 96
7 491
7 1152
7 649
7 1057
7 100
7 515
7 104
7 296
7 102
7 164
7 138
7 107
7 994
7 83
7 108
7 493
7 109
7 111
7 113
7 114
7 494
7 115
7 128
7 117
7 118
7 503
7 119
7 120
7 201
7 124
7 135
7 121
7 122
7 123
7 499
7 169
7 160
7 614
7 144
7 441
7 495
7 126
7 496
7 154
7 143
7 130
7 131
7 315
7 132
7 133
7 134
7 497
7 933
7 249
7 136
7 1103
7 139
7 140
7 498
7 141
7 142
7 596
7 780
7 158
7 149
7 151
7 165
7 152
7 153
7 500
7 504
7 162
7 155
7 501
7 156
7 378
7 157
7 159
7 929
7 196
7 431
7 163
7 502
7 166
7 168
7 326
7 170
7 602
7 171
7 172
7 531
7 175
7 967
7 173
7 174
7 176
7 178
7 179
7 182
7 183
7 985
7 187
7 185
7 186
7 298
7 217
7 585
7 188
7 213
7 505
7 262
7 189
7 228
7 192
7 193
7 701
7 190
7 191
7 506
7 184
7 238
7 761
7 242
7 239
7 194
7 195
7 226
7 263
7 552
7 198
7 208
7 199
7 524
7 204
7 528
7 206
7 248
7 207
7 209
7 211
7 277
7 507
7 210
7 284
7 212
7 214
7 1151
7 220
7 216
7 442
7 215
7 218
7 509
7 508
7 219
7 266
7 1156
7 293
7 221
7 203
7 223
7 224
7 523
7 225
7 227
7 229
7 232
7 230
7 510
7 1046
7 233
7 561
7 234
7 254
7 511
7 613
7 512
7 922
7 235
7 236
7 513
7 237
7 386
7 222
7 243
7 550
7 809
7 521
7 241
7 514
7 240
7 244
7 245
7 205
7 1158
7 246
7 247
7 604
7 572
7 317
7 870
7 251
7 250
7 518
7 252
7 253
7 707
7 255
7 519
7 520
7 522
7 256
7 257
7 608
7 575
7 258
7 259
7 264
7 525
7 526
7 260
7 527
7 748
7 265
7 648
7 267
7 268
7 269
7 911
7 271
7 529
7 272
7 273
7 303
7 557
7 275
7 530
7 276
7 325
7 313
7 309
7 278
7 535
7 279
7 532
7 281
7 282
7 287
7 283
7 322
7 318
7 533
7 285
7 286
7 1168
7 292
7 288
7 289
7 534
7 290
7 882
7 305
7 536
7 291
7 295
7 347
7 790
7 725
7 537
7 297
7 300
7 301
7 302
7 321
7 304
7 538
7 539
7 306
7 307
7 308
7 700
7 310
7 311
7 1029
7 316
7 1154
7 874
7 541
7 760
7 388
7 319
7 1032
7 724
7 1041
7 542
7 543
7 323
7 79
7 734
7 324
7 299
7 621
7 937
7 936
7 952
7 280
7 327
7 328
7 368
7 329
7 349
7 330
7 331
7 332
7 799
7 334
7 335
7 336
7 338
7 366
7 339
7 393
7 364
7 600
7 352
7 340
7 363
7 342
7 344
7 345
7 346
7 1033
7 544
7 356
7 545
7 348
7 369
7 350
7 546
7 353
7 354
7 359
7 373
7 371
7 374
7 355
7 687
7 830
7 357
7 998
7 549
7 547
7 766
7 553
7 387
7 548
7 360
7 361
7 365
7 367
7 1108
7 919
7 383
7 380
7 620
7 370
7 372
7 375
7 957
7 376
7 551
7 377
7 964
7 362
7 384
7 381
7 382
7 385
7 673
7 351
7 389
7 391
7 392
7 418
7 394
7 396
7 397
7 554
7 161
7 402
7 398
7 395
7 400
7 555
7 556
7 403
7 404
7 405
7 416
7 1028
7 406
7 407
7 408
7 409
7 410
7 795
7 568
7 558
7 412
7 413
7 559
7 414
7 415
7 560
7 417
7 428
7 419
7 420
7 425
7 421
7 422
7 564
7 429
7 432
7 566
7 571
7 426
7 562
7 563
7 565
7 424
7 567
7 427
7 105
7 411
7 437
7 430
7 1086
7 569
7 434
7 435
7 785
7 436
7 438
7 570
7 478
7 439
7 452
7 125
7 443
7 444
7 445
7 446
7 447
7 480
7 636
7 718
7 448
7 477
7 577
7 470
7 451
7 472
7 1058
7 890
7 453
7 706
7 454
7 468
7 458
7 455
7 456
7 1084
7 459
7 573
7 462
7 464
7 465
7 467
7 466
7 574
7 473
7 581
7 474
7 878
7 1121
7 978
7 475
7 576
7 469
7 617
7 714
7 975
7 476
7 691
7 739
7 481
7 479
7 482
7 908
7 947
7 1180
7 578
7 579
7 580
7 634
7 582
7 583
7 584
7 586
7 587
7 588
7 632
7 601
7 624
7 609
7 589
7 591
7 590
7 592
7 593
7 594
7 595
7 626
7 597
7 598
7 599
7 824
7 603
7 1052
7 605
7 606
7 611
7 607
7 616
7 1026
7 912
7 1120
7 618
7 610
7 612
7 127
7 615
7 892
7 619
7 806
7 1131
7 971
7 622
7 623
7 625
7 628
7 1059
7 627
7 629
7 630
7 633
7 635
7 637
7 638
7 639
7 640
7 643
7 641
7 642
7 645
7 647
7 1118
7 953
7 651
7 644
7 646
7 654
7 650
7 652
7 653
7 656
7 657
7 655
7 659
7 658
7 1113
7 1112
7 663
7 660
7 753
7 661
7 662
7 757
7 834
7 664
7 665
7 939
7 666
7 668
7 669
7 670
7 671
7 672
7 674
7 675
7 676
7 689
7 677
7 678
7 683
7 679
7 680
7 681
7 686
7 682
7 897
7 684
7 685
7 1035
7 688
7 690
7 692
7 693
7 694
7 695
7 1050
7 708
7 696
7 697
7 1010
7 930
7 698
7 699
7 702
7 703
7 715
7 704
7 705
7 926
7 710
7 711
7 712
7 719
7 717
7 716
7 713
7 752
7 960
7 720
7 993
7 966
7 723
7 721
7 722
7 1171
7 726
7 729
7 740
7 765
7 727
7 728
7 730
7 741
7 731
7 732
7 759
7 733
7 743
7 735
7 787
7 736
7 737
7 776
7 738
7 788
7 751
7 742
7 758
7 781
7 1079
7 745
7 1178
7 772
7 744
7 747
7 749
7 746
7 794
7 764
7 750
7 754
7 755
7 1097
7 756
7 902
7 768
7 1130
7 860
7 762
7 763
7 1183
7 767
7 769
7 770
7 779
7 771
7 868
7 773
7 774
7 775
7 777
7 778
7 842
7 782
7 783
7 784
7 958
7 1076
7 786
7 146
7 789
7 792
7 793
7 791
7 796
7 797
7 798
7 800
7 801
7 810
7 803
7 815
7 804
7 805
7 807
7 827
7 808
7 811
7 812
7 813
7 814
7 838
7 816
7 833
7 817
7 818
7 900
7 819
7 1116
7 820
7 821
7 822
7 823
7 992
7 825
7 826
7 841
7 828
7 997
7 840
7 829
7 1129
7 836
7 839
7 831
7 832
7 343
7 835
7 877
7 837
7 844
7 843
7 866
7 845
7 846
7 1006
7 847
7 848
7 849
7 850
7 854
7 851
7 852
7 853
7 855
7 856
7 261
7 857
7 858
7 859
7 869
7 861
7 862
7 865
7 863
7 864
7 1179
7 231
7 871
7 872
7 873
7 875
7 876
7 879
7 880
7 881
7 82
7 893
7 883
7 1093
7 884
7 885
7 887
7 931
7 888
7 889
7 1100
7 923
7 891
7 896
7 903
7 932
7 895
7 87
7 901
7 894
7 921
7 910
7 1137
7 924
7 898
7 899
7 906
7 904
7 905
7 907
7 928
7 909
7 955
7 913
7 918
7 914
7 915
7 916
7 917
7 938
7 1166
7 1136
7 920
7 934
7 927
7 1150
7 935
7 1164
7 97
7 940
7 974
7 941
7 943
7 949
7 982
7 944
7 1070
7 945
7 951
7 946
7 954
7 968
7 948
7 1073
7 950
7 956
7 961
7 959
7 1062
7 962
7 965
7 1016
7 963
7 969
7 970
7 972
7 973
7 981
7 1024
7 1143
7 1126
7 977
7 979
7 980
7 983
7 984
7 986
7 987
7 988
7 989
7 1022
7 990
7 991
7 1025
7 1056
7 995
7 996
7 1001
7 999
7 1005
7 1003
7 1037
7 1004
7 1019
7 1007
7 1009
7 1014
7 1008
7 1011
7 1012
7 1013
7 1148
7 1015
7 1018
7 1017
7 1048
7 1020
7 1021
7 1054
7 1023
7 1044
7 1027
7 1030
7 1034
7 1036
7 1038
7 1039
7 1061
7 1069
7 1042
7 1045
7 1043
7 1047
7 1068
7 1049
7 1051
7 1147
7 1066
7 1053
7 320
7 1055
7 1063
7 180
7 1111
7 1060
7 1135
7 1064
7 1065
7 1067
7 150
7 1071
7 1072
7 1074
7 1087
7 1077
7 1078
7 1080
7 1114
7 1104
7 1081
7 1082
7 1083
7 1102
7 1089
7 1085
7 1088
7 1098
7 1090
7 1091
7 1092
7 1096
7 1094
7 1095
7 1099
7 1128
7 1101
7 1105
7 1106
7 1107
7 1109
7 1110
7 1127
7 1115
7 1124
7 1117
7 1119
7 1122
7 1123
7 1157
7 1125
7 1132
7 1133
7 1134
7 1142
7 1139
7 1138
7 1140
7 1141
7 1144
7 1146
7 1145
7 1149
7 1153
7 1155
7 1160
7 1159
7 1161
7 1162
7 1169
7 1170
7 1165
7 1167
7 1172
7 449
7 1173
7 1174
7 1175
7 1176
7 1177
7 1185
7 1181
7 1184
7 1186
